TimeStamp(s),FrameCounter,AccX,AccY,AccZ,GyrX,GyrY,GyrZ,EulerX,EulerY,EulerZ
0.01,1,0.006999999999999999,-1.001,-0.02,0.11459160000000003,-0.9740286,0.9740286,86.98075398,-0.20626488,-7.60888224
0.02,2,0.021,-0.996,-0.01,-2.5210152000000003,0.9740286,1.4896908000000002,86.95210608,-0.21772404,-7.59742308
0.03,3,0.024,-0.995,-0.011,-2.9220857999999996,0.5156622000000001,1.145916,86.92345818,-0.22918320000000003,-7.5916935
0.04,4,0.022,-0.998,-0.011,-2.9793816000000004,0.22918320000000006,0.8021411999999999,86.89481028,-0.24064236,-7.58596392
0.05,5,0.016,-1.002,-0.012,-3.0366774,0.572958,0.7448454000000001,86.90053986000002,-0.19480572,-7.61461182
0.060000000000000005,6,0.01,-1.005,-0.013,-3.0366774,1.145916,0.8021411999999999,86.87189196,-0.20053530000000008,-7.603152659999999
0.06999999999999999,7,0.006999999999999999,-1.005,-0.018000000000000002,-2.9793816000000004,1.8334656000000005,0.8594370000000001,86.84324405999998,-0.21199446,-7.58596392
0.08,8,0.009000000000000001,-1.0,-0.015,-2.4064236,2.0626488000000003,1.0313244,86.81459616,-0.22345362,-7.56877518
0.09,9,0.016,-0.997,-0.01,-1.7761698,1.8334656000000005,1.145916,86.79740741999998,-0.23491278,-7.545856859999999
0.09999999999999999,10,0.027000000000000003,-1.001,-0.002,-1.7188740000000002,1.3750992,1.2605076000000002,86.8604328,-0.13178034,-7.60888224
0.11,11,0.033,-1.008,0.0,-1.8334656000000005,1.0886202,1.3750992,86.84324405999998,-0.14896908,-7.59742308
0.12,12,0.038,-1.012,0.001,-1.7761698,1.0886202,1.432395,86.82605532,-0.16042824,-7.58596392
0.13,13,0.036000000000000004,-1.011,0.001,-1.4896908000000002,1.3178034,1.6615782,86.80886658,-0.17761697999999998,-7.56877518
0.14,14,0.032,-1.007,0.003,-1.145916,1.6042823999999998,1.8907613999999997,86.79740741999998,-0.19480572,-7.551586439999999
0.15000000000000002,15,0.025,-1.006,0.006,-1.0886202,1.6042823999999998,2.2345362,86.85470322,-0.14323950000000002,-7.58596392
0.16,16,0.017,-1.01,-0.001,-1.432395,1.3178034,2.9793816000000004,86.83751448000002,-0.1718874,-7.574504760000001
0.17,17,0.012,-1.013,-0.006,-1.0886202,0.8594370000000001,3.5523396000000003,86.82605532,-0.20626488,-7.5630456000000015
0.18000000000000002,18,0.016,-1.019,-0.011,-0.286479,0.286479,4.2398892,86.82605532,-0.25210152,-7.55731602
0.19,19,0.031,-1.011,-0.003,0.4010706,0.22918320000000006,4.3544808,86.83178489999996,-0.29220857999999994,-7.551586439999999
0.2,20,0.04,-1.0,0.008,0.0,1.2032118,3.4950437999999995,86.91199902000002,-0.21772404,-7.60888224
0.21000000000000002,21,0.042,-0.99,0.008,-1.5469866,2.6356068,2.5210152000000003,86.89481028,-0.24064236,-7.58023434
0.22,22,0.041,-0.981,-0.004,-2.9793816000000004,3.151269,1.6042823999999998,86.86616238,-0.25783110000000004,-7.551586439999999
0.23,23,0.042,-0.979,-0.019,-3.5523396000000003,1.9480572,0.6875496,86.82605532,-0.26356068,-7.5286681200000025
0.24000000000000002,24,0.042,-0.986,-0.026,-2.86479,0.286479,-0.572958,86.79740741999998,-0.25783110000000004,-7.5286681200000025
0.25,25,0.034,-0.997,-0.038,-1.8907613999999997,-1.0886202,-2.1772404,86.78021868,-0.18907614,-7.5630456000000015
0.26,26,-0.003,-1.011,-0.035,-0.9167328,-2.5210152000000003,-3.666931200000001,86.76875952,-0.14896908,-7.5916935
0.27,27,-0.031,-1.012,-0.022,-1.145916,-4.9847345999999995,-4.0680017999999984,86.76302994,-0.11459160000000002,-7.64325972
0.28,28,-0.047,-1.016,-0.006999999999999999,-3.4377480000000005,-6.417129599999999,-3.8388186,86.72865246,-0.07448454,-7.7062851
0.29000000000000004,29,-0.044,-1.021,-0.011,-6.875496000000001,-6.8182002000000015,-3.7815227999999994,86.65416791999998,-0.04010706,-7.780769640000001
0.3,30,-0.044,-1.019,-0.019,-10.1413566,-6.8182002000000015,-4.4690724,86.55676506,-0.01718874,-7.84379502
0.31,31,-0.057,-1.004,-0.018000000000000002,-11.516455800000001,-6.875496000000001,-5.9014674000000005,86.43644388,0.03437748,-7.9182795599999976
0.32,32,-0.079,-0.991,-0.016,-11.1153852,-7.333862400000001,-7.161975,86.32758186,0.10313244,-7.9927641
0.33,33,-0.106,-0.987,-0.02,-11.172681,-7.1046792000000005,-7.6776372,86.21299026,0.1718874,-8.07297822
0.34,34,-0.135,-0.978,-0.011,-11.3445684,-6.016058999999999,-7.3911582,86.09839866,0.24637194,-8.136003599999999
0.35000000000000003,35,-0.139,-0.971,0.0,-11.5737516,-5.72958,-6.130650599999999,85.98953664,0.25210152,-8.17611066
0.36000000000000004,36,-0.129,-0.96,0.033,-10.255948199999999,-6.4744254,-4.8701430000000006,85.8864042,0.29793816,-8.24486562
0.37,37,-0.118,-0.971,0.08199999999999999,-7.3911582,-7.906820400000001,-4.2398892,85.80619008000002,0.33231564,-8.33080932
0.38,38,-0.124,-0.996,0.13,-7.5630456000000015,-8.4224826,-3.4377480000000005,85.73170554,0.36669312,-8.41675302
0.39,39,-0.132,-1.026,0.158,-10.1413566,-8.3651868,-2.0053530000000004,85.62857310000003,0.37815228,-8.50269672
0.4,40,-0.116,-1.058,0.152,-14.0947668,-7.5630456000000015,-0.1718874,85.53689982,0.34950438,-8.57718126
0.41000000000000003,41,-0.102,-1.07,0.13,-15.5844576,-6.3598338,1.5469866,85.37647158,0.33231564,-8.640206639999999
0.42000000000000004,42,-0.077,-1.0590000000000002,0.129,-13.178034,-5.5003968,2.9220857999999996,85.24469124,0.29793816,-8.69750244
0.43,43,-0.056,-1.043,0.15,-9.740286,-4.8128472,3.8961144,85.14728838,0.25783110000000004,-8.74333908
0.44,44,-0.038,-1.06,0.151,-9.167328,-3.5523396000000003,4.6982556,85.04988552,0.20626488,-8.77198698
0.45,45,-0.038,-1.079,0.111,-11.8029348,-2.578311,5.844171599999999,84.97540097999997,0.14323950000000002,-8.80636446
0.46,46,-0.061,-1.075,0.07400000000000001,-11.5737516,-1.7188740000000002,7.6203414,84.86080938,0.06302537999999999,-8.81782362
0.47000000000000003,47,-0.094,-1.054,0.054000000000000006,-8.479778399999999,0.0,9.8548776,84.77486567999998,-0.028647900000000004,-8.81209404
0.48000000000000004,48,-0.123,-1.02,0.041,-6.0733548,1.2032118,11.745639,84.71184029999998,-0.14323950000000002,-8.78917572
0.49,49,-0.139,-0.986,0.052000000000000005,-8.250595200000001,0.8021411999999999,12.605076,84.62589659999998,-0.26929026,-8.77198698
0.5,50,-0.139,-0.954,0.037000000000000005,-12.891555,1.3750992,12.891555,84.51130500000002,-0.4297185000000001,-8.7376095
0.51,51,-0.135,-0.925,0.023,-16.501190400000002,1.8907613999999997,12.9488508,84.34514718,-0.56149884,-8.70323202
0.52,52,-0.125,-0.918,0.017,-18.7930224,2.2345362,12.5477802,84.15034145999998,-0.6875496,-8.67458412
0.53,53,-0.11,-0.927,0.017,-19.8816426,2.2345362,11.4018642,83.94980616,-0.79641162,-8.640206639999999
0.54,54,-0.093,-0.93,0.031,-19.9962342,1.3750992,9.0527364,83.74354128,-0.8880849000000001,-8.623017899999999
0.55,55,-0.08199999999999999,-0.947,0.053,-21.6005166,1.5469866,6.589017,83.56019472,-0.96256944,-8.60582916
0.56,56,-0.08,-0.964,0.057,-24.350715,3.2085648,4.7555514,83.3080932,-1.01413566,-8.57145168
0.5700000000000001,57,-0.09,-0.971,0.039,-26.069589,5.443101,4.010706000000001,83.04453251999998,-1.04851314,-8.51415588
0.5800000000000001,58,-0.114,-0.978,0.034,-25.553926800000006,7.5057497999999985,4.1252976000000015,82.78097184,-1.08289062,-8.43967134
0.59,59,-0.139,-0.988,0.032,-25.2674478,10.7716104,4.583664,82.52314074,-1.12299768,-8.33080932
0.6,60,-0.161,-0.997,0.025,-24.923673,14.381245800000002,4.583664,82.28249838,-1.18029348,-8.17611066
0.61,61,-0.183,-1.005,0.021,-23.5485738,17.6471064,4.297185,82.03612644,-1.20894138,-7.99849368
0.62,62,-0.187,-1.018,0.023,-21.6578124,20.9702628,4.1825934,81.80694324,-1.22613012,-7.792228800000001
0.63,63,-0.187,-1.035,0.04,-20.1108258,24.2361234,4.2398892,81.59494878,-1.24331886,-7.545856859999999
0.64,64,-0.175,-1.055,0.048,-18.7930224,28.2468294,4.5263682,81.39441348,-1.25477802,-7.265107439999999
0.65,65,-0.16,-1.0590000000000002,0.044,-16.615782,32.31483119999999,4.6982556,81.23398524000002,-1.27769634,-6.94425096
0.66,66,-0.135,-1.052,0.06,-13.9228794,34.7785506,4.583664,81.07928658,-1.27769634,-6.5947465800000025
0.67,67,-0.104,-1.045,0.066,-11.172681,36.2109456,4.0680017999999984,80.95323582,-1.27769634,-6.2337830400000005
0.68,68,-0.08199999999999999,-1.046,0.065,-8.9954406,37.3568616,3.4950437999999995,80.85010338000002,-1.2605076000000002,-5.86708992
0.6900000000000001,69,-0.08,-1.046,0.063,-6.8182002000000015,38.1590028,2.7501984,80.76415968,-1.24331886,-5.48893764
0.7000000000000001,70,-0.084,-1.042,0.052000000000000005,-3.5523396000000003,37.8725238,1.432395,80.74697094,-1.20894138,-5.1222445200000015
0.7100000000000001,71,-0.08900000000000001,-1.05,0.041,-1.3178034,37.5860448,0.22918320000000006,80.72405262,-1.16310474,-4.749821819999998
0.72,72,-0.09,-1.042,0.022,-0.22918320000000006,37.5860448,-0.9167328,80.70686388,-1.10580894,-4.3831287
0.73,73,-0.08800000000000001,-1.022,0.008,1.5469866,37.24227,-2.3491278,80.71259346,-1.0313244,-4.022165159999999
0.74,74,-0.08,-1.013,0.033,4.9274388,35.8671708,-4.3544808,80.75270051999998,-0.93965112,-3.67839036
0.75,75,-0.077,-1.011,0.063,9.8548776,34.7212548,-5.7868758000000025,80.87302170000002,-0.83651868,-3.35753388
0.76,76,-0.078,-1.009,0.121,16.2147114,34.7212548,-6.1879464,81.02772036,-0.73338624,-3.02521824
0.77,77,-0.091,-1.026,0.192,21.772404,36.1536498,-5.6722842,81.23971482,-0.6302538000000001,-2.67571386
0.78,78,-0.105,-1.0759999999999998,0.209,21.6005166,38.1590028,-4.3544808,81.45170928,-0.53858052,-2.30329116
0.79,79,-0.125,-1.162,0.128,10.313244,39.591397799999996,-2.2345362,81.54911214,-0.46982556,-1.9194093000000003
0.8,80,-0.113,-1.225,0.061,5.7868758000000025,37.9298196,2.578311,81.60640794,-0.4526368200000001,-1.5412570200000002
0.81,81,-0.085,-1.317,-0.081,13.8655836,37.2995658,5.2139178,81.73818828,-0.45836640000000006,-1.16310474
0.8200000000000001,82,0.001,-1.321,-0.016,16.902261,33.6326346,8.7089616,81.90434609999998,-0.5042030399999999,-0.8193299399999999
0.8300000000000001,83,0.021,-1.289,-0.112,15.183387000000002,20.5691922,10.6570188,82.05331518,-0.59014674,-0.6016058999999999
0.8400000000000001,84,0.019,-1.271,-0.248,12.1467096,10.599723,10.4278356,82.17363636,-0.67609044,-0.48128472
0.85,85,0.096,-1.235,-0.326,12.9488508,0.9740286,11.5737516,82.28822796,-0.7792228800000001,-0.45836640000000006
0.86,86,0.188,-1.198,-0.343,21.027558600000006,-5.5576926,14.266654199999998,82.50595200000002,-0.92246238,-0.49274388
0.87,87,0.225,-1.12,-0.326,27.6738714,-6.703608600000001,17.246035799999998,82.78670142,-1.09434978,-0.53285094
0.88,88,0.188,-1.012,-0.299,32.142943800000005,-2.291832,17.8762896,83.11328748,-1.27196676,-0.53285094
0.89,89,0.103,-0.897,-0.28600000000000003,30.93973200000001,2.2345362,14.0947668,83.42841438,-1.4037471,-0.49274388
0.9,90,-0.016,-0.78,-0.258,26.9863218,4.8701430000000006,7.8495246,83.66905674,-1.49542038,-0.41252976
0.91,91,-0.116,-0.726,-0.232,22.058883,8.479778399999999,2.3491278,83.88678078000002,-1.50687954,-0.32658606
0.92,92,-0.16699999999999998,-0.758,-0.229,14.896907999999998,12.0894138,0.3437748,84.03574986,-1.50114996,-0.20626488
0.93,93,-0.174,-0.8190000000000001,-0.223,8.9381448,15.2406828,1.2605076000000002,84.12169356000003,-1.50114996,-0.05156622
0.9400000000000001,94,-0.15,-0.903,-0.235,4.9274388,17.3606274,3.0366774,84.16180062,-1.5183387000000002,0.12032118
0.9500000000000001,95,-0.118,-0.955,-0.256,0.8594370000000001,17.6471064,4.583664,84.08731608000002,-1.59855282,0.33804522
0.9600000000000001,96,-0.087,-0.97,-0.263,-1.145916,15.0687954,5.0993262,84.07012734,-1.6386598799999998,0.49274388
0.97,97,-0.055,-0.97,-0.259,-1.8907613999999997,10.026765,5.1566220000000005,84.04720902,-1.6844965200000002,0.6016058999999999
0.98,98,0.01,-0.975,-0.245,-2.86479,4.5263682,4.3544808,84.01283154000002,-1.7246035799999997,0.64744254
0.99,99,0.079,-0.992,-0.235,-3.8388186,-0.6302538000000001,2.3491278,83.97845406,-1.7475218999999995,0.64171296
1.0,100,0.128,-1.018,-0.217,-3.4950437999999995,-5.3858052,-1.3178034,83.89823994000002,-1.64438946,0.56722842
1.01,101,0.149,-1.038,-0.19,-2.5210152000000003,-9.2819196,-6.417129599999999,83.87532162,-1.5870936600000003,0.46982556
1.02,102,0.163,-1.047,-0.175,-1.5469866,-11.745639,-11.8029348,83.86386246,-1.48396122,0.3437748
1.03,103,0.152,-1.042,-0.162,0.11459160000000003,-12.5477802,-16.7876694,83.86959204,-1.32353298,0.20053530000000008
1.04,104,0.126,-1.04,-0.146,1.7761698,-12.834259199999998,-20.7410796,83.89251035999997,-1.12872726,0.05156622
1.05,105,0.08,-1.032,-0.124,3.2085648,-13.349921400000001,-23.3193906,83.92688783999998,-0.89381448,-0.10313244
1.06,106,0.021,-1.007,-0.083,5.042030400000002,-13.5791046,-24.694489800000003,83.98418364,-0.6589017,-0.26356068
1.07,107,-0.02,-0.974,-0.044,5.3285094000000015,-13.750992000000002,-24.8090814,84.04147944,-0.42398892,-0.42398892
1.08,108,-0.055,-0.948,-0.015,3.2085648,-13.9228794,-23.8923486,84.07585692,-0.20053530000000008,-0.5844171599999999
1.09,109,-0.079,-0.937,-0.011,-2.291832,-12.891555,-22.1161788,84.05293859999998,0.00572958,-0.73338624
1.1,110,-0.095,-0.942,-0.034,-8.3651868,-10.3705398,-19.938938399999998,83.97272448,0.1718874,-0.8479778399999999
1.11,111,-0.093,-0.942,-0.06,-13.407217200000002,-7.6776372,-17.8762896,83.83521456,0.33804522,-0.9453806999999999
1.12,112,-0.07200000000000001,-0.93,-0.07400000000000001,-15.2406828,-6.1879464,-16.157415599999997,83.6805159,0.49274388,-1.0255948199999998
1.1300000000000001,113,-0.031,-0.925,-0.086,-15.5844576,-5.958763200000001,-14.896907999999998,83.52008766,0.63598338,-1.10007936
1.1400000000000001,114,0.024,-0.921,-0.085,-15.0114996,-6.6463128000000005,-14.381245800000002,83.36538900000002,0.76776372,-1.18602306
1.1500000000000001,115,0.068,-0.912,-0.069,-12.5477802,-8.8235532,-13.8082878,83.25079740000002,0.9167328000000001,-1.30061466
1.1600000000000001,116,0.105,-0.915,-0.049,-9.5111028,-12.0894138,-13.349921400000001,83.15339454,1.03705398,-1.432395
1.17,117,0.131,-0.921,-0.062,-8.59437,-13.0634424,-13.2926256,83.06172126,1.1573751600000002,-1.5813640800000002
1.18,118,0.134,-0.93,-0.052000000000000005,-7.333862400000001,-13.750992000000002,-12.7196676,82.98723672,1.27196676,-1.73033316
1.19,119,0.109,-0.933,-0.019,-4.9847345999999995,-15.469866,-12.032117999999999,82.9356705,1.3750992,-1.89649098
1.2,120,0.067,-0.947,0.001,-3.3804522000000006,-17.18874,-11.6310474,82.92994092,1.4896908000000002,-2.09702628
1.21,121,0.039,-0.965,0.029,-3.666931200000001,-16.558486199999994,-11.4018642,82.88983386,1.5870936600000003,-2.2746432600000004
1.22,122,0.014,-0.978,0.044,-5.6149884000000005,-13.8082878,-11.172681,82.82680848,1.6844965200000002,-2.42361234
1.23,123,-0.006,-0.985,0.048,-8.021412000000002,-11.3445684,-11.6310474,82.74659436,1.78762896,-2.5496631
1.24,124,-0.016,-0.989,0.046,-9.3392154,-10.3705398,-11.745639,82.6491915,1.8907613999999997,-2.6699842800000004
1.25,125,-0.013,-0.982,0.034,-9.6829902,-9.740286,-11.745639,82.58043654000002,1.99389384,-2.78457588
1.26,126,-0.004,-0.966,0.011,-8.307891,-7.2192707999999985,-11.172681,82.49449283999998,2.0912967,-2.87624916
1.27,127,0.006999999999999999,-0.939,0.025,-4.4690724,-5.958763200000001,-10.255948199999999,82.44292662,2.18869956,-2.94500412
1.28,128,0.003,-0.922,0.046,-0.3437748,-4.3544808,-9.568398599999998,82.43719704,2.28037284,-3.00229992
1.29,129,0.0,-0.914,0.06,1.5469866,-2.4637194,-8.479778399999999,82.45438578,2.36058696,-3.0366774000000003
1.3,130,0.013,-0.916,0.07200000000000001,1.5469866,-1.0886202,-6.760904399999999,82.60335486,2.44653066,-3.0939732
1.31,131,0.05,-0.926,0.069,0.0,-1.145916,-5.3858052,82.59762528,2.49809688,-3.11116194
1.32,132,0.099,-0.944,0.06,-1.5469866,-3.151269,-4.9847345999999995,82.58043654000002,2.54393352,-3.151269
1.33,133,0.139,-0.958,0.052000000000000005,-2.7501984,-6.0733548,-4.5263682,82.55178864,2.58404058,-3.214294380000001
1.34,134,0.152,-0.971,0.035,-2.5210152000000003,-9.1100322,-3.3231564,82.52314074,2.6069589,-3.3116972399999995
1.35,135,0.157,-0.995,0.018000000000000002,-0.6875496,-14.2093584,0.0,82.58043654000002,2.6699842800000004,-3.4950437999999995
1.36,136,0.168,-1.026,0.023,4.3544808,-20.8556712,3.4377480000000005,82.62054359999998,2.61841806,-3.6955791
1.37,137,0.177,-1.063,0.056,10.026765,-28.8770832,5.6149884000000005,82.71221688,2.53247436,-3.97059894
1.3800000000000001,138,0.189,-1.093,0.112,14.32395,-37.1849742,5.72958,82.84972680000001,2.44080108,-4.3315624800000005
1.3900000000000001,139,0.18600000000000005,-1.112,0.154,15.9282324,-46.409598,4.4117766,82.99869588,2.35485738,-4.77846972
1.4000000000000001,140,0.162,-1.118,0.166,15.756345000000001,-53.1705024,2.86479,83.17631286,2.29756158,-5.311320660000002
1.4100000000000001,141,0.135,-1.102,0.14300000000000002,14.896907999999998,-57.983349600000004,1.6615782,83.3080932,2.2345362,-5.87854908
1.42,142,0.124,-1.073,0.087,15.3552744,-59.93140680000001,1.432395,83.45133270000002,2.1657812400000003,-6.4686958200000015
1.43,143,0.126,-1.0759999999999998,0.038,13.9228794,-59.64492779999999,0.9167328,83.57738346,2.10848544,-7.05311298
1.44,144,0.11,-1.123,0.014,8.9381448,-54.08723520000001,-0.286479,83.65759758,2.06837838,-7.58596392
1.45,145,0.067,-1.178,-0.077,4.5263682,-46.8679644,-1.2032118,83.69197505999998,2.04546006,-8.0500599
1.46,146,-0.005,-1.217,-0.21600000000000005,4.1252976000000015,-41.4821592,-1.0313244,83.72635254,2.02254174,-8.45686008
1.47,147,-0.092,-1.26,-0.241,-0.9167328,-33.231564,-1.5469866,83.7091638,2.01108258,-8.78917572
1.48,148,-0.182,-1.269,-0.339,-4.6982556,-27.903054600000004,-4.7555514,83.65186800000002,2.0340008999999997,-9.06992514
1.49,149,-0.27,-1.328,-0.428,-3.9534102,-22.5172494,-7.906820400000001,83.60603136,2.0912967,-9.29910834
1.5,150,-0.3,-1.346,-0.456,-6.1879464,-12.7196676,-12.261301199999998,83.52581724,2.18296998,-9.4251591
1.51,151,-0.262,-1.29,-0.506,-1.145916,-4.9274388,-15.813640800000002,83.5086285,2.33193906,-9.49391406
1.52,152,-0.191,-1.2009999999999998,-0.458,7.448453999999999,-0.22918320000000006,-16.042824000000003,83.58311304,2.4923673,-9.5111028
1.53,153,-0.057,-1.088,-0.415,10.599723,-0.5156622000000001,-13.407217200000002,83.69197505999998,2.62414764,-9.53402112
1.54,154,0.08,-0.956,-0.35100000000000003,9.969469199999999,-3.2658606,-9.3965112,83.78937792,2.71582092,-9.57412818
1.55,155,0.165,-0.872,-0.306,5.443101,-7.448453999999999,-4.0680017999999984,83.74927086,2.82468294,-9.66580146
1.56,156,0.227,-0.868,-0.259,-2.1199446,-8.5370742,-1.3750992,83.72635254,2.83041252,-9.75174516
1.57,157,0.229,-0.933,-0.255,-10.255948199999999,-8.193299399999999,-1.2032118,83.61749052,2.8361421,-9.83195928
1.58,158,0.188,-1.02,-0.262,-15.6990492,-7.333862400000001,-2.0053530000000004,83.45133270000002,2.84760126,-9.906443820000002
1.59,159,0.117,-1.095,-0.267,-16.501190400000002,-6.703608600000001,-2.0053530000000004,83.28517488,2.86479,-9.98092836
1.6,160,0.033,-1.109,-0.25,-13.6936962,-6.2452422,-1.2605076000000002,83.10182832,2.84187168,-10.026765
1.61,161,-0.047,-1.075,-0.223,-8.880849000000003,-4.7555514,0.8594370000000001,83.01015504,2.83041252,-10.07833122
1.62,162,-0.128,-1.045,-0.194,-4.4117766,-2.291832,4.583664,82.9643184,2.78457588,-10.09551996
1.6300000000000001,163,-0.179,-1.035,-0.161,0.057295800000000015,2.4064236,11.6310474,82.9643184,2.6699842800000004,-10.0554129
1.6400000000000001,164,-0.189,-1.024,-0.138,3.0366774,6.8182002000000015,18.334656,82.99869588,2.4923673,-9.963739620000002
1.6500000000000001,165,-0.182,-1.0,-0.128,4.5263682,10.7716104,23.032911600000002,83.03880294000002,2.22307704,-9.80904096
1.6600000000000001,166,-0.166,-0.961,-0.131,5.0993262,13.8655836,25.3247436,83.09609874,1.98816426,-9.64288314
1.6700000000000002,167,-0.14400000000000002,-0.921,-0.132,5.042030400000002,15.3552744,25.6685184,83.14766496,1.7475218999999995,-9.45953658
1.68,168,-0.117,-0.898,-0.131,3.724227,15.756345000000001,24.694489800000003,83.19350159999998,1.5183387000000002,-9.27619002
1.69,169,-0.077,-0.884,-0.134,2.4637194,15.985528200000001,22.9756158,83.2221495,1.30634424,-9.09284346
1.7,170,-0.025,-0.879,-0.115,1.6042823999999998,16.157415599999997,20.454600600000006,83.23360865999999,1.11153852,-8.90376732
1.71,171,0.012,-0.871,-0.095,-0.4010706,14.8396122,17.7044022,83.22787908000002,0.9453806999999999,-8.7376095
1.72,172,0.025,-0.863,-0.096,-2.6356068,13.349921400000001,15.870936600000002,83.19923118,0.8021412000000001,-8.58864042
1.73,173,0.022,-0.853,-0.1,-3.8961144,12.261301199999998,14.32395,83.16485370000002,0.6703608600000001,-8.451130500000001
1.74,174,0.0,-0.846,-0.093,-4.583664,11.917526400000002,12.891555,83.11328748,0.55576926,-8.319350159999999
1.75,175,-0.023,-0.852,-0.066,-6.0733548,12.3758928,12.1467096,83.05599168,0.43544808,-8.18184024
1.76,176,-0.045,-0.863,-0.062,-10.026765,14.037471,11.9748222,82.95285924,0.33231564,-8.02714158
1.77,177,-0.049,-0.867,-0.077,-13.2353298,15.985528200000001,12.0894138,82.82107890000002,0.22345362,-7.85525418
1.78,178,-0.043,-0.8759999999999999,-0.083,-14.381245800000002,16.673077799999998,11.8602306,82.67210982,0.12605075999999998,-7.677637200000001
1.79,179,-0.046,-0.892,-0.076,-14.9542038,16.042824000000003,11.9748222,82.51741116,0.02291832,-7.505749800000001
1.8,180,-0.058,-0.913,-0.065,-15.0114996,14.896907999999998,12.4904844,82.36844208,-0.09740286,-7.34532156
1.81,181,-0.08199999999999999,-0.937,-0.048,-14.9542038,14.152062599999999,12.891555,82.21374342,-0.21199446,-7.1906228999999975
1.82,182,-0.098,-0.959,-0.039,-15.0687954,13.5791046,12.4331886,82.05904475999998,-0.32085648,-7.0416538200000005
1.83,183,-0.094,-0.966,-0.03,-15.0687954,13.2926256,11.516455800000001,81.90434609999998,-0.41825934,-6.898414319999999
1.84,184,-0.069,-0.959,-0.02,-14.896907999999998,12.6623718,10.4851314,81.74964744,-0.5099326200000001,-6.760904399999999
1.85,185,-0.036000000000000004,-0.949,-0.024,-13.6936962,12.4331886,9.6256944,81.62932626,-0.59014674,-6.62912406
1.86,186,-0.005,-0.927,-0.068,-11.1153852,12.4904844,8.59437,81.51473466,-0.66463128,-6.497343719999999
1.87,187,0.01,-0.895,-0.086,-0.5156622000000001,11.917526400000002,6.9327918,81.5032755,-0.7161975,-6.3655633799999976
1.8800000000000001,188,0.01,-0.8590000000000001,-0.08199999999999999,9.2819196,12.1467096,5.0993262,81.59494878,-0.75057498,-6.23951262
1.8900000000000001,189,0.008,-0.8079999999999999,-0.017,18.2200644,13.5791046,2.9793816000000004,81.77829534,-0.76203414,-6.1020027
1.9000000000000001,190,-0.016,-0.8009999999999999,0.085,23.8923486,10.4851314,1.4896908000000002,82.05904475999998,-0.76203414,-6.00459984
1.9100000000000001,191,-0.052000000000000005,-0.8340000000000001,0.096,19.8243468,8.136003599999999,0.7448454000000001,82.25385048,-0.76203414,-5.91865614
1.9200000000000002,192,-0.07,-0.862,0.076,18.2773602,9.0527364,-0.3437748,82.43719704,-0.7448454000000001,-5.8269828599999975
1.93,193,-0.073,-0.9,0.057,17.9335854,10.3705398,-1.5469866,82.62054359999998,-0.7161975,-5.72958
1.94,194,-0.07200000000000001,-0.932,0.051,15.870936600000002,12.2040054,-2.291832,82.77524226,-0.68182002,-5.60925882
1.95,195,-0.086,-0.955,0.071,15.527161800000002,15.6990492,-2.0626488000000003,82.97577756,-0.6589017,-5.46028974
1.96,196,-0.097,-0.986,0.104,15.870936600000002,17.589810600000003,-1.145916,83.13047622,-0.6302538000000001,-5.28840234
1.97,197,-0.114,-1.017,0.139,14.381245800000002,19.938938399999998,-0.3437748,83.27371572000001,-0.6073354799999999,-5.08786704
1.98,198,-0.15,-1.04,0.158,13.5791046,23.5485738,-0.6875496,83.40549606,-0.5786875800000001,-4.858683839999999
1.99,199,-0.187,-1.055,0.157,13.6364004,27.6165756,-2.0626488000000003,83.53727640000002,-0.53285094,-4.5836640000000015
2.0,200,-0.197,-1.057,0.15,13.2926256,33.2888598,-4.1825934,83.69770464000001,-0.4870143000000001,-4.25707794
2.01,201,-0.184,-1.06,0.154,13.6364004,38.38818600000001,-6.1879464,83.82948498,-0.39534102,-3.88465524
2.02,202,-0.154,-1.085,0.129,13.0061466,41.76863820000001,-7.2765666,83.95553574,-0.28647900000000004,-3.47785506
2.03,203,-0.131,-1.129,0.08,10.5424272,42.685371,-7.333862400000001,84.05293859999998,-0.18334656,-3.0653253000000005
2.04,204,-0.108,-1.182,0.024,6.990087599999999,39.820581,-6.417129599999999,84.11596397999998,-0.0859437,-2.67571386
2.05,205,-0.051,-1.222,-0.029,5.6149884000000005,35.46610020000001,-5.3858052,84.17325978,-0.00572958,-2.33193906
2.0599999999999996,206,0.012,-1.246,-0.076,4.8701430000000006,32.2002396,-6.016058999999999,84.21909642,0.06875496,-2.02254174
2.07,207,0.067,-1.241,-0.127,2.6929026,30.5959572,-7.2765666,84.24774432000002,0.16615782,-1.7246035799999997
2.0799999999999996,208,0.114,-1.234,-0.182,0.4583664000000001,24.694489800000003,-6.9327918,84.24774432000002,0.25210152,-1.4896908000000002
2.09,209,0.156,-1.225,-0.241,-1.4896908000000002,16.501190400000002,-6.5317212,84.23055558,0.32658606,-1.3349921400000002
2.0999999999999996,210,0.196,-1.204,-0.292,-3.8388186,9.5111028,-6.703608600000001,84.1675302,0.42398892,-1.24904844
2.11,211,0.18600000000000005,-1.176,-0.355,-11.229976800000001,3.3804522000000006,-7.2192707999999985,84.05293859999998,0.4984734599999999,-1.22040054
2.1199999999999997,212,0.14300000000000002,-1.155,-0.418,-14.0947668,-0.4583664000000001,-7.1046792000000005,83.9096991,0.56722842,-1.23758928
2.13,213,0.112,-1.15,-0.455,-11.2872726,-2.4064236,-7.0473834,83.7951075,0.63598338,-1.27196676
2.1399999999999997,214,0.085,-1.123,-0.465,-6.016058999999999,-2.7501984,-6.5317212,83.73208212,0.69900876,-1.30634424
2.15,215,0.06,-1.0659999999999998,-0.436,0.11459160000000003,-1.2605076000000002,-5.443101,83.55446514,0.7391158200000001,-1.27769634
2.1599999999999997,216,0.023,-0.997,-0.378,5.042030400000002,0.8594370000000001,-4.4117766,83.60603136,0.7849524600000001,-1.27196676
2.17,217,-0.023,-0.924,-0.33,6.6463128000000005,5.3285094000000015,-3.4950437999999995,83.67478632,0.8250595199999999,-1.22613012
2.1799999999999997,218,-0.08800000000000001,-0.836,-0.278,6.760904399999999,10.026765,-3.3804522000000006,83.74354128,0.87089616,-1.12872726
2.19,219,-0.153,-0.8,-0.23,3.9534102,12.4331886,-4.1825934,83.78364833999998,0.92246238,-1.00840608
2.1999999999999997,220,-0.162,-0.8220000000000001,-0.193,-1.6615782,13.0634424,-4.9847345999999995,83.72062296,0.91100322,-0.8537074199999999
2.21,221,-0.125,-0.8740000000000001,-0.163,-8.9954406,13.5791046,-5.1566220000000005,83.62894968,0.9740286,-0.72192708
2.2199999999999998,222,-0.075,-0.947,-0.162,-15.2406828,14.610429000000002,-4.6409598,83.47425102000003,1.0313244,-0.5844171599999999
2.23,223,-0.025,-1.017,-0.16699999999999998,-18.9649098,14.32395,-2.9793816000000004,83.27944529999998,1.07143146,-0.4526368200000001
2.2399999999999998,224,0.022,-1.068,-0.16699999999999998,-20.2254174,14.381245800000002,-0.9167328,83.07318042,1.0886202,-0.30939732
2.25,225,0.075,-1.108,-0.153,-19.5378678,15.2406828,0.6302538000000001,82.87264512,1.11153852,-0.16615782
2.26,226,0.129,-1.135,-0.14800000000000002,-18.2773602,18.162768600000003,0.3437748,82.68929856,1.12299768,0.00572958
2.27,227,0.145,-1.109,-0.153,-16.615782,23.6058696,-1.7188740000000002,82.52314074,1.16310474,0.23491278
2.28,228,0.131,-1.056,-0.157,-13.5791046,24.923673,-4.6982556,82.38563081999997,1.2318597,0.46982556
2.29,229,0.107,-0.991,-0.141,-10.9434978,24.2934192,-7.906820400000001,82.2767688,1.3349921400000002,0.69900876
2.3,230,0.087,-0.942,-0.129,-9.2819196,23.4339822,-10.1986524,82.17936594,1.4782316400000002,0.91100322
2.31,231,0.079,-0.915,-0.114,-9.6256944,23.204799,-11.745639,82.08196308000002,1.6157415599999996,1.12299768
2.32,232,0.069,-0.911,-0.098,-10.7716104,23.0902074,-12.5477802,81.97883064,1.76471064,1.32926256
2.3299999999999996,233,0.058,-0.922,-0.079,-13.0634424,22.7464326,-12.4904844,81.8470503,1.91367972,1.53552744
2.34,234,0.054000000000000006,-0.926,-0.083,-16.615782,23.3193906,-11.8602306,81.68089248,2.05118964,1.7475218999999995
2.3499999999999996,235,0.07400000000000001,-0.923,-0.102,-21.1421502,25.3820394,-10.313244,81.47462759999998,2.19442914,1.9767051
2.36,236,0.095,-0.917,-0.12,-23.2620948,24.694489800000003,-9.3965112,81.2454444,2.3147503200000004,2.2058883
2.3699999999999997,237,0.113,-0.911,-0.12,-22.7464326,21.485925,-9.3965112,81.0162612,2.42934192,2.39496444
2.38,238,0.126,-0.91,-0.106,-20.6837838,17.589810600000003,-9.797581800000001,80.80999632,2.5496631,2.55539268
2.3899999999999997,239,0.132,-0.915,-0.061,-18.162768600000003,13.6936962,-10.0840608,80.63237934,2.6642547000000003,2.6699842800000004
2.4,240,0.142,-0.923,-0.033,-17.6471064,11.1153852,-10.6570188,80.48341026,2.81322378,2.74446882
2.4099999999999997,241,0.14300000000000002,-0.928,-0.027000000000000003,-19.3659804,10.8289062,-10.9434978,80.28860454,2.93354496,2.83041252
2.42,242,0.127,-0.932,-0.05,-21.9442914,11.2872726,-10.255948199999999,80.0708805,3.04813656,2.9220858
2.4299999999999997,243,0.119,-0.93,-0.07400000000000001,-23.6058696,13.0061466,-8.3651868,79.83596772,3.14553942,3.03094782
2.44,244,0.117,-0.92,-0.08900000000000001,-22.5172494,13.120738199999998,-6.417129599999999,79.6125141,3.2257535399999995,3.151269
2.4499999999999997,245,0.112,-0.917,-0.091,-19.767051,11.0007936,-4.6409598,79.43489712,3.3116972399999995,3.2372127
2.46,246,0.112,-0.923,-0.079,-15.2406828,7.6776372,-3.151269,79.28592804,3.3518043,3.3059676599999994
2.4699999999999998,247,0.114,-0.93,-0.031,-9.797581800000001,3.2658606,-2.1199446,79.18279559999998,3.3804522000000006,3.32888598
2.48,248,0.108,-0.944,0.025,-6.2452422,-1.7761698,-1.432395,79.11977021999998,3.38618178,3.3116972399999995
2.4899999999999998,249,0.099,-0.947,0.05,-6.2452422,-5.2712136,-0.8594370000000001,79.05101526000001,3.38618178,3.25440144
2.5,250,0.079,-0.944,0.029,-8.307891,-4.9274388,0.3437748,79.07393358,3.4091001000000003,3.1741873200000006
2.51,251,0.073,-0.926,0.029,-10.5424272,-5.5576926,2.6929026,78.96507156,3.3689930400000003,3.1226211000000004
2.52,252,0.076,-0.907,-0.005,-11.172681,-5.844171599999999,5.443101,78.85047996,3.3059676599999994,3.07678446
2.53,253,0.09,-0.904,-0.025,-8.880849000000003,-7.333862400000001,7.9641161999999985,78.75880667999998,3.214294380000001,3.01948866
2.54,254,0.092,-0.908,-0.009000000000000001,-4.3544808,-11.745639,9.9121734,78.71297003999999,3.0997027800000003,2.9220858
2.55,255,0.08800000000000001,-0.916,0.01,0.572958,-15.9282324,11.229976800000001,78.77026584,2.99084076,2.76738714
2.56,256,0.092,-0.934,0.041,5.3285094000000015,-22.173474600000002,12.032117999999999,78.81610248000001,2.8361421,2.5783110000000002
2.57,257,0.102,-0.963,0.078,7.161975,-28.5906042,12.4904844,78.87912786,2.6642547000000003,2.3204799
2.5799999999999996,258,0.123,-0.976,0.084,6.1879464,-34.0337052,12.4331886,78.93642365999997,2.4923673,2.01108258
2.59,259,0.155,-0.974,0.099,5.72958,-41.825934,11.516455800000001,78.98226030000002,2.30902074,1.6272007199999998
2.5999999999999996,260,0.2,-0.974,0.098,4.8128472,-49.1597964,9.740286,79.06820400000002,2.17151082,1.1459160000000002
2.61,261,0.236,-0.986,0.066,3.0939732,-54.3737142,7.1046792000000005,79.08539274,2.01681216,0.62452422
2.6199999999999997,262,0.243,-1.013,0.038,0.286479,-58.2125328,5.3285094000000015,79.07966316,1.87357266,0.06875496
2.63,263,0.233,-1.05,-0.026,-5.3858052,-60.44706899999999,3.8961144,79.01663778,1.73606274,-0.5099326200000001
2.6399999999999997,264,0.222,-1.074,-0.121,-10.1413566,-61.8221682,2.4064236,78.90204618,1.61001198,-1.11153852
2.65,265,0.174,-1.116,-0.236,-12.4904844,-63.5410422,0.4010706,78.75880667999998,1.51260912,-1.73033316
2.6599999999999997,266,0.055,-1.186,-0.311,-16.558486199999994,-60.733548000000006,-1.0313244,78.58691927999998,1.4209358399999998,-2.32620948
2.67,267,-0.064,-1.25,-0.448,-23.8923486,-52.0245864,-2.1772404,78.33481775999998,1.3464512999999998,-2.84187168
2.6799999999999997,268,-0.236,-1.329,-0.596,-28.819787400000006,-43.544808,-3.666931200000001,78.04260918,1.30634424,-3.27731976
2.69,269,-0.406,-1.401,-0.713,-31.627281600000003,-33.8618178,-6.990087599999999,77.71602312,1.30634424,-3.62109456
2.6999999999999997,270,-0.544,-1.429,-0.772,-29.8511118,-21.6005166,-11.8602306,77.40089622,1.36936962,-3.85600734
2.71,271,-0.561,-1.352,-0.715,-20.2827132,-8.307891,-13.8655836,77.18890176,1.48396122,-3.9648693599999993
2.7199999999999998,272,-0.417,-1.204,-0.5820000000000001,-9.6829902,0.9167328,-11.0580894,77.0914989,1.59282324,-3.9820580999999997
2.73,273,-0.145,-1.057,-0.447,-6.8182002000000015,3.7815227999999994,-5.3285094000000015,77.02274394,1.65011904,-3.95913978
2.7399999999999998,274,0.131,-0.944,-0.368,-9.8548776,-0.1718874,0.6875496,76.92534108,1.64438946,-3.95913978
2.75,275,0.31,-0.905,-0.34,-15.3552744,-8.479778399999999,5.958763200000001,76.74199452,1.6673077799999998,-4.05654264
2.76,276,0.452,-0.911,-0.317,-21.1421502,-15.0114996,5.6149884000000005,76.52427048,1.5813640800000002,-4.19405256
2.77,277,0.48,-0.948,-0.305,-28.074942,-20.6837838,2.291832,76.23779148,1.51260912,-4.38885828
2.78,278,0.4320000000000001,-1.006,-0.316,-34.950438,-26.69984280000001,-1.2032118,75.88255752,1.46677248,-4.65814854
2.79,279,0.29600000000000004,-1.045,-0.338,-39.3622146,-31.741873200000004,-4.3544808,75.47575734,1.432395,-4.97900502
2.8,280,0.12,-1.058,-0.34600000000000003,-39.3049188,-35.2942128,-5.1566220000000005,75.06322758,1.4037471,-5.33423898
2.81,281,-0.029,-1.055,-0.334,-37.0130868,-35.7525792,-3.7815227999999994,74.68507530000002,1.35218088,-5.68947294
2.82,282,-0.14800000000000002,-1.06,-0.319,-34.5493674,-34.5493674,-0.572958,74.32984134,1.27196676,-6.0275181600000005
2.8299999999999996,283,-0.205,-1.07,-0.307,-32.945085,-32.4294228,2.6929026,73.9975257,1.16310474,-6.3311859
2.84,284,-0.228,-1.073,-0.289,-31.5699858,-30.252182399999995,5.042030400000002,73.67093964,1.03705398,-6.611935319999999
2.8499999999999996,285,-0.224,-1.054,-0.27,-30.7678446,-27.215505,6.417129599999999,73.35581274,0.86516658,-6.8468481
2.86,286,-0.2,-0.988,-0.271,-30.65325300000001,-23.7204612,6.8182002000000015,73.04641542,0.7391158200000001,-7.05311298
2.8699999999999997,287,-0.173,-0.917,-0.271,-29.7365202,-21.1421502,6.9327918,72.74274768000002,0.61306506,-7.23645954
2.88,288,-0.14400000000000002,-0.8690000000000001,-0.253,-30.5386614,-19.8816426,6.875496000000001,72.43907994,0.4870143000000001,-7.408346939999999
2.8899999999999997,289,-0.097,-0.8540000000000001,-0.248,-32.658606,-19.0222056,7.1046792000000005,72.10676430000002,0.36669312,-7.574504760000001
2.9,290,-0.045,-0.8809999999999999,-0.24,-35.236917,-18.621135,7.7349330000000025,71.75153034,0.22918320000000003,-7.72920342
2.9099999999999997,291,-0.004,-0.898,-0.245,-37.8725238,-19.0795014,8.8235532,71.37337806000002,0.09167328,-7.88390208
2.92,292,0.009000000000000001,-0.9,-0.25,-39.47680620000001,-19.3659804,9.6829902,70.97230746,-0.05729580000000001,-8.03860074
2.9299999999999997,293,-0.002,-0.903,-0.258,-40.737313799999995,-19.4232762,10.599723,70.5597777,-0.22345362,-8.193299399999999
2.94,294,-0.035,-0.902,-0.257,-41.19568020000001,-19.0222056,11.2872726,70.14724794,-0.38961144,-8.3365389
2.9499999999999997,295,-0.077,-0.902,-0.258,-40.966497,-17.18874,11.5737516,69.74044776000001,-0.56722842,-8.45686008
2.96,296,-0.119,-0.8959999999999999,-0.249,-39.820581,-15.2406828,11.3445684,69.33937716,-0.72765666,-8.565722099999999
2.9699999999999998,297,-0.15,-0.871,-0.237,-38.961144,-12.0894138,10.4851314,68.94976572,-0.87089616,-8.64593622
2.98,298,-0.16399999999999998,-0.8340000000000001,-0.234,-39.3049188,-7.448453999999999,8.9954406,68.54869512,-0.98548776,-8.68604328
2.9899999999999998,299,-0.16699999999999998,-0.807,-0.233,-40.966497,-2.9793816000000004,7.2765666,68.13616535999999,-1.06570188,-8.691772859999999
3.0,300,-0.15,-0.79,-0.25,-43.6021038,-0.9167328,6.0733548,67.6949877,-1.1573751600000002,-8.67458412
3.01,301,-0.14,-0.782,-0.266,-45.206386200000004,0.6302538000000001,5.2712136,67.2366213,-1.20894138,-8.651665800000002
3.02,302,-0.127,-0.7959999999999999,-0.268,-46.123119,1.3750992,5.042030400000002,66.76679573999999,-1.25477802,-8.623017899999999
3.03,303,-0.115,-0.8170000000000001,-0.259,-47.1544434,1.7761698,5.1566220000000005,66.28551102,-1.30061466,-8.58864042
3.04,304,-0.107,-0.841,-0.256,-48.8160216,1.8334656000000005,5.2139178,65.79276714,-1.3464512999999998,-8.554262940000001
3.05,305,-0.12,-0.856,-0.26,-49.90464179999999,2.0053530000000004,5.1566220000000005,65.30002326,-1.40947668,-8.51415588
3.06,306,-0.14,-0.868,-0.245,-50.5921914,2.9793816000000004,4.8128472,64.78436106000001,-1.44958374,-8.46831924
3.07,307,-0.161,-0.8759999999999999,-0.237,-52.7694318,6.2452422,4.1825934,64.24578054,-1.46677248,-8.39956428
3.08,308,-0.175,-0.878,-0.24,-55.06126379999999,11.2872726,3.2658606,63.678552120000006,-1.45531332,-8.28497268
3.09,309,-0.189,-0.882,-0.242,-56.78013780000001,16.615782,2.291832,63.09986454,-1.41520626,-8.13027402
3.0999999999999996,310,-0.201,-0.877,-0.273,-57.2385042,21.485925,1.6615782,62.52117696000001,-1.36936962,-7.929738719999999
3.11,311,-0.199,-0.87,-0.265,-56.608250399999996,26.1841806,1.145916,61.94248938,-1.27196676,-7.6948259399999985
3.1199999999999997,312,-0.197,-0.857,-0.25,-55.2331512,29.507337,1.2605076000000002,61.36953138,-1.1573751600000002,-7.431265259999999
3.13,313,-0.192,-0.8440000000000001,-0.224,-54.8320806,32.6013102,1.9480572,60.80230296,-1.03705398,-7.13905668
3.1399999999999997,314,-0.195,-0.8240000000000001,-0.204,-54.889376399999996,36.096354,3.2085648,60.23507453999999,-0.90527364,-6.812470620000001
3.15,315,-0.206,-0.8079999999999999,-0.172,-55.92070079999999,41.19568020000001,4.0680017999999984,59.67930528000001,-0.76776372,-6.43431834
3.1599999999999997,316,-0.218,-0.8009999999999999,-0.157,-57.983349600000004,46.123119,4.297185,59.07769938,-0.59587632,-6.0160589999999985
3.17,317,-0.233,-0.8009999999999999,-0.184,-60.7908438,51.56622,4.010706000000001,58.45317516,-0.38388186,-5.5576926
3.1799999999999997,318,-0.23,-0.81,-0.208,-63.7129296,57.983349600000004,4.010706000000001,57.79427346,-0.13750992,-5.04775998
3.19,319,-0.218,-0.82,-0.226,-66.11935319999999,63.1972674,3.4950437999999995,57.11818301999999,0.14323950000000002,-4.49199072
3.1999999999999997,320,-0.204,-0.83,-0.235,-66.176649,68.2392978,2.4637194,56.45355174,0.4526368200000001,-3.90757356
3.21,321,-0.17,-0.84,-0.225,-64.8015498,72.3645954,1.7761698,55.79465004,0.8078707799999998,-3.2945085
3.2199999999999998,322,-0.13,-0.84,-0.218,-63.942112800000004,75.17208959999998,1.2605076000000002,55.14720749999999,1.19748222,-2.6699842800000004
3.23,323,-0.097,-0.826,-0.193,-61.7075766,78.03687959999998,1.8334656000000005,54.52841285999999,1.59855282,-2.01681216
3.2399999999999998,324,-0.071,-0.8170000000000001,-0.163,-62.45242200000001,79.9849368,2.4637194,53.90388864000001,2.01681216,-1.35218088
3.25,325,-0.063,-0.7879999999999999,-0.158,-64.97343719999999,81.7038108,2.6929026,53.27936442,2.44080108,-0.67609044
3.26,326,-0.063,-0.746,-0.177,-66.9214944,83.53727640000002,2.1772404,52.62046272,2.8934379,0.0
3.27,327,-0.067,-0.7070000000000001,-0.173,-68.75496,85.1988546,1.2032118,51.95010186,3.37472262,0.6875496
3.28,328,-0.059,-0.6809999999999999,-0.171,-69.61439700000001,86.68854540000002,-0.8594370000000001,51.27401142,3.88465524,1.36364004
3.29,329,-0.058,-0.665,-0.162,-70.9894962,86.91772859999998,-3.4950437999999995,50.5921914,4.42323576,2.02254174
3.3,330,-0.034,-0.6679999999999999,-0.187,-72.4218912,86.34477059999998,-6.0733548,49.91037138,4.9847346,2.65279554
3.31,331,0.012,-0.6809999999999999,-0.175,-74.0834694,84.4540092,-7.5057497999999985,49.20563304,5.5576926,3.25440144
3.32,332,0.063,-0.696,-0.17,-75.05749800000002,81.47462759999998,-9.1100322,48.48943554,6.130650600000001,3.81590028
3.33,333,0.107,-0.703,-0.157,-76.4325972,77.8649922,-11.6310474,47.76177888,6.7036086,4.325832900000001
3.34,334,0.14300000000000002,-0.693,-0.16,-79.5838662,73.338624,-14.037471,46.99401516,7.270837019999999,4.784199299999999
3.3499999999999996,335,0.16899999999999998,-0.68,-0.17,-81.4173318,68.6403684,-15.2979786,46.2377106,7.8323358600000015,5.17954032
3.36,336,0.177,-0.682,-0.154,-82.33406459999998,63.1972674,-15.126091199999998,45.44702856,8.353727639999999,5.53477428
3.3699999999999997,337,0.174,-0.679,-0.11,-83.93834700000002,57.7541664,-14.667724800000002,44.6334282,8.83501236,5.849901179999999
3.38,338,0.14800000000000002,-0.657,-0.149,-88.52201099999998,52.7694318,-13.980175199999998,43.76826162,9.28764918,6.12492102
3.3899999999999997,339,0.111,-0.627,-0.163,-91.0430262,47.1544434,-13.2926256,42.87444714,9.69444936,6.3598338000000005
3.4,340,0.084,-0.612,-0.173,-93.3348582,42.34159620000001,-13.521808800000002,41.98063266,10.07260164,6.554639519999999
3.4099999999999997,341,0.059,-0.591,-0.181,-95.2256196,36.7839036,-14.4385416,41.03525196,10.42210602,6.69214944
3.42,342,0.043,-0.557,-0.162,-95.85587340000001,31.5699858,-16.558486199999994,40.07268252,10.74869208,6.77809314
3.4299999999999997,343,0.047,-0.512,-0.138,-95.1683238,27.6738714,-20.168121600000006,39.11011308,11.06954856,6.80674104
3.44,344,0.068,-0.466,-0.077,-93.5640414,25.6685184,-24.4080108,38.14754364,11.4018642,6.77809314
3.4499999999999997,345,0.091,-0.42,-0.067,-94.0224078,25.553926800000006,-29.2781538,37.19643336,11.76855732,6.7036086
3.46,346,0.095,-0.371,-0.06,-92.9910834,27.6738714,-33.8618178,36.22813434,12.1753575,6.60047616
3.4699999999999998,347,0.075,-0.343,-0.053,-92.0743506,30.0229992,-36.8411994,35.2655649,12.61080558,6.48588456
3.48,348,0.044,-0.308,-0.065,-90.6992514,30.93973200000001,-36.955791,34.30872504,13.051983240000002,6.3598338000000005
3.4899999999999998,349,0.013,-0.263,-0.07,-87.8917572,30.4240698,-35.0077338,33.38626266,13.48170174,6.2452422000000025
3.5,350,-0.015,-0.205,-0.064,-84.68319240000002,28.7051958,-31.79916900000001,32.509636920000005,13.871313179999998,6.14210976
3.51,351,-0.014,-0.13699999999999998,-0.067,-82.79243100000002,27.9603504,-28.4760126,31.64447034,14.24373588,6.05043648
3.52,352,-0.001,-0.053,-0.051,-79.87034519999997,26.8717302,-26.298772200000002,30.80795166,14.58751068,5.97022236
3.53,353,0.001,0.035,-0.033,-79.1254998,26.69984280000001,-26.7571386,29.97716256,14.937015060000002,5.87854908
3.54,354,-0.006,0.123,-0.005,-79.75575359999998,29.4500412,-29.4500412,29.1349143,15.32089692,5.77541664
3.55,355,-0.013,0.197,-0.004,-81.7038108,35.236917,-33.4607472,28.2468294,15.76780416,5.65509546
3.56,356,0.0,0.255,-0.052000000000000005,-82.2767688,45.0917946,-36.669312,27.375933239999995,16.317843840000002,5.5519630200000005
3.57,357,0.002,0.284,-0.14800000000000002,-82.2767688,55.86340500000001,-38.2162986,26.510766659999994,16.96528638,5.4717489000000015
3.58,358,-0.013,0.292,-0.079,-80.8443738,51.9099948,-38.27359439999999,25.65132966,17.57262186,5.36861646
3.59,359,-0.041,0.282,0.113,-78.95361240000003,32.6013102,-37.1276784,24.78616308,18.00806994,5.17381074
3.5999999999999996,360,-0.019,0.257,0.3,-86.34477059999998,25.3820394,-34.0337052,23.82932322,18.37476306,4.96181628
3.61,361,0.039,0.271,0.285,-96.1423524,22.2880662,-31.79916900000001,22.78653966,18.68416038,4.7555514
3.6199999999999997,362,-0.003,0.26,0.376,-102.273003,16.558486199999994,-34.2055926,21.66354198,18.95345064,4.4977203
3.63,363,-0.066,0.199,0.449,-111.2684436,13.750992000000002,-40.5081306,20.42022312,19.20555216,4.15967508
3.6399999999999997,364,-0.083,0.098,0.41,-119.97740520000002,12.318597,-44.6334282,19.07377182,19.45765368,3.77006364
3.65,365,-0.002,-0.027000000000000003,0.091,-136.3067082,16.501190400000002,-48.0711762,17.549703540000007,19.74986226,3.35753388
3.6599999999999997,366,0.235,-0.174,-0.311,-150.00040439999995,26.2414764,-53.68616460000001,15.8709366,20.12801454,2.90489706
3.67,367,0.249,-0.5920000000000001,-1.621,-197.956989,33.74722620000001,-57.2958,13.6936962,20.5691922,2.42934192
3.6799999999999997,368,0.6659999999999999,-0.921,-3.881,-264.420117,28.0176462,-54.6601932,10.83463578,20.924426160000003,1.95378678
3.69,369,1.7009999999999998,-0.7140000000000001,-3.996,-252.5598864,-31.340802600000004,-90.1262934,7.92400914,20.72962044,0.96256944
3.6999999999999997,370,3.901,1.6269999999999998,-3.996,-187.357266,-40.2216516,-171.3717378,5.36861646,20.5118964,-0.8880849000000001
3.71,371,1.381,1.706,-3.996,-276.85330560000006,-63.9994086,-160.9439022,1.96524594,19.96185672,-2.62987722
3.7199999999999998,372,1.528,2.168,-3.996,-284.7028302,46.5814854,-77.46392159999998,-1.19748222,20.3973048,-3.4091001000000003
3.73,373,0.752,2.562,-3.996,-241.6163886,94.0224078,-72.30729960000002,-3.93622146,21.26820096,-4.17686382
3.7399999999999998,374,1.079,2.2230000000000003,-3.781,-199.8477504,95.9131692,-47.67010560000001,-6.17648724,22.15628586,-4.7269035000000015
3.75,375,1.489,1.32,-2.684,-221.6201544,92.7619002,-4.1825934,-8.48550798,23.04437076,-4.84722468
3.76,376,1.594,0.579,-1.982,-139.9163436,88.5793068,19.1367972,-9.883525500000001,23.92672608,-4.7555514
3.77,377,1.413,-0.519,-1.242,-44.7480198,75.916935,19.5378678,-10.30751442,24.70021938,-4.66387812
3.78,378,1.11,-1.0,-0.927,-11.688343199999998,59.874111,15.2979786,-10.40491728,25.30755486,-4.59512316
3.79,379,0.998,-0.35200000000000004,-0.496,-2.4064236,29.4500412,0.5156622000000001,-10.456483500000001,25.59976344,-4.6409598
3.8,380,0.628,0.35700000000000004,-0.32299999999999995,-35.6379876,19.8816426,-3.8388186,-10.93776822,25.81748748,-4.74409224
3.81,381,0.451,0.768,-0.249,-47.1544434,10.1413566,2.3491278,-11.41332336,25.92061992,-4.73263308
3.82,382,0.4920000000000001,0.8109999999999999,-0.245,-50.0765292,-4.5263682,10.6570188,-11.86596018,25.891972020000004,-4.6008527400000006
3.83,383,0.5670000000000001,0.69,-0.225,-57.86875799999999,-17.0168526,16.902261,-12.35297448,25.7544621,-4.37739912
3.84,384,0.528,0.545,-0.214,-54.889376399999996,-26.0122932,17.8762896,-12.79415214,25.53673806,-4.1252976000000015
3.8499999999999996,385,0.272,0.413,-0.222,-45.779344200000004,-29.5646328,18.3919518,-13.17230442,25.27890696,-3.8674665
3.86,386,0.058,0.34,-0.236,-38.0444112,-28.2468294,25.0382646,-13.412946780000002,25.055453340000003,-3.52942128
3.8699999999999997,387,-0.07,0.281,-0.201,-27.501984000000004,-25.9549974,34.8358464,-13.504620060000002,24.88356594,-3.0997027800000003
3.88,388,-0.17800000000000002,0.198,-0.145,-16.959556799999998,-24.4653066,40.2789474,-13.47024258,24.734596860000003,-2.61268848
3.8899999999999997,389,-0.146,0.07,-0.113,-8.4224826,-20.9702628,41.9405256,-13.34419182,24.631464420000004,-2.1199446
3.9,390,-0.119,-0.02,-0.133,-2.3491278,-19.1367972,40.4508348,-13.16657484,24.51114324,-1.6386598799999998
3.9099999999999997,391,-0.091,-0.005,-0.191,3.6096354,-15.4125702,37.1276784,-12.9488508,24.44238828,-1.20894138
3.92,392,-0.07400000000000001,0.096,-0.229,8.8235532,-8.021412000000002,31.741873200000004,-12.71393802,24.4366587,-0.8537074199999999
3.9299999999999997,393,-0.016,0.242,-0.258,11.1153852,1.9480572,24.1215318,-12.49621398,24.50541366,-0.6016058999999999
3.94,394,0.014,0.39,-0.301,10.5424272,12.318597,13.8082878,-12.33578574,24.660112320000003,-0.48128472
3.9499999999999997,395,0.051,0.517,-0.3670000000000001,0.5156622000000001,23.204799,1.8907613999999997,-12.45037734,24.8377293,-0.52139178
3.96,396,0.119,0.615,-0.454,-15.126091199999998,29.392745399999995,-8.8235532,-12.67383096,25.10701956,-0.6703608600000001
3.9699999999999998,397,0.189,0.6890000000000001,-0.601,-30.4813656,34.7785506,-16.157415599999997,-13.0920903,25.40495772,-0.9167328000000001
3.98,398,0.243,0.7120000000000001,-0.7909999999999999,-38.90384820000001,39.4195104,-19.480572,-13.61921166,25.73727336,-1.20894138
3.9899999999999998,399,0.33,0.6609999999999999,-0.97,-36.5547204,33.3461556,-17.0168526,-14.10622596,26.01802278000001,-1.46677248
4.0,400,0.453,0.586,-1.156,-26.356068,17.9908812,-10.8289062,-14.46145992,26.14980312,-1.62147114
4.01,401,0.601,0.546,-1.219,-18.1054728,2.4064236,-3.7815227999999994,-14.667724799999998,26.16126228,-1.6673077799999998
4.02,402,0.726,0.555,-1.226,-12.4904844,-3.8961144,3.0939732,-14.770857239999998,26.13261438,-1.62147114
4.03,403,0.757,0.654,-1.223,-2.8074942000000003,-2.6356068,6.302537999999998,-14.770857239999998,26.12115522,-1.5469866
4.04,404,0.728,0.8079999999999999,-1.147,3.666931200000001,-1.2605076000000002,5.6149884000000005,-14.70210228,26.1268848,-1.48396122
4.05,405,0.6809999999999999,0.901,-1.1,0.8594370000000001,1.3178034,4.0680017999999984,-14.70210228,26.14407354,-1.44958374
4.06,406,0.715,0.8590000000000001,-1.087,-5.2139178,3.2658606,4.010706000000001,-14.74220934,26.1841806,-1.41520626
4.07,407,0.764,0.7340000000000001,-1.08,-5.5576926,1.5469866,6.6463128000000005,-14.76512766,26.21855808,-1.3464512999999998
4.08,408,0.789,0.5760000000000001,-1.058,-4.4117766,-2.9793816000000004,11.917526400000002,-14.74793892,26.21855808,-1.20894138
4.09,409,0.848,0.463,-0.974,-4.3544808,-9.3392154,20.2254174,-14.684913540000002,26.17845102,-0.96829902
4.1,410,0.845,0.42,-0.8859999999999999,-5.443101,-15.126091199999998,30.252182399999995,-14.59896984,26.138343960000004,-0.61879464
4.109999999999999,411,0.778,0.43,-0.821,-3.151269,-20.6837838,34.091001,-14.444271179999998,26.02375236,-0.20053530000000008
4.12,412,0.722,0.457,-0.782,1.145916,-26.5279554,33.74722620000001,-14.24373588,25.84613538,0.21772404
4.13,413,0.684,0.461,-0.732,4.9847345999999995,-34.1482968,30.5386614,-14.008823099999995,25.59403386,0.62452422
4.14,414,0.69,0.45,-0.6990000000000001,8.250595200000001,-42.5134836,26.7571386,-13.750992000000002,25.24452948,1.00840608
4.1499999999999995,415,0.675,0.44,-0.655,16.386598799999998,-54.43101,22.7464326,-13.45878342,24.80335182,1.3579104599999998
4.16,416,0.599,0.415,-0.591,30.3094782,-64.28588760000001,17.9908812,-13.0061466,24.22466424,1.6844965200000002
4.17,417,0.488,0.315,-0.527,39.591397799999996,-67.1506776,10.255948199999999,-12.49621398,23.60014002,1.93086846
4.18,418,0.434,0.121,-0.5589999999999999,33.5753388,-60.10329419999999,-4.5263682,-12.118061700000002,23.00999328,1.99962342
4.1899999999999995,419,0.377,-0.106,-0.6779999999999999,18.1054728,-41.0810886,-21.6005166,-11.98628136,22.56881562,1.85065434
4.2,420,0.329,-0.28300000000000003,-0.81,7.906820400000001,-19.4232762,-36.955791,-11.92898556,22.31098452,1.5183387000000002
4.21,421,0.284,-0.3670000000000001,-0.953,3.4950437999999995,-2.2345362,-45.550161,-12.07222506,22.19639292,1.04278356
4.22,422,0.236,-0.36,-1.097,2.4064236,7.0473834,-44.6334282,-12.2326533,22.1734746,0.56149884
4.2299999999999995,423,0.243,-0.279,-1.185,3.8961144,8.8235532,-36.898495200000006,-12.347244899999998,22.18493376,0.15469866
4.24,424,0.22,-0.13699999999999998,-1.213,5.9014674000000005,5.72958,-25.496631,-12.39308154,22.18493376,-0.12032118
4.25,425,0.261,0.016,-1.202,6.0733548,0.6875496,-11.745639,-12.35297448,22.12763796,-0.22918320000000003
4.26,426,0.297,0.14800000000000002,-1.165,2.5210152000000003,-4.9847345999999995,2.86479,-12.30713784,22.087530899999997,-0.18907614
4.27,427,0.317,0.241,-1.108,-1.2605076000000002,-10.8289062,11.9748222,-12.26703078,22.007316780000004,-0.04583664
4.28,428,0.325,0.295,-1.043,-5.5576926,-12.5477802,17.246035799999998,-12.24411246,21.92137308,0.16042824
4.29,429,0.317,0.277,-0.989,-10.0840608,-12.2040054,18.7357266,-12.261301200000002,21.84115896,0.37815228
4.3,430,0.295,0.185,-0.951,-13.5791046,-11.0580894,16.272007199999994,-12.318597,21.73802652,0.5786875800000001
4.31,431,0.271,0.081,-0.911,-13.9228794,-11.172681,11.2872726,-12.404540699999998,21.65208282,0.72192708
4.32,432,0.221,0.018000000000000002,-0.871,-12.891555,-9.8548776,6.703608600000001,-12.49621398,21.56613912,0.8136003599999999
4.33,433,0.154,-0.003,-0.8420000000000001,-10.026765,-8.4224826,2.9220857999999996,-12.58215768,21.49165458,0.86516658
4.34,434,0.099,0.009000000000000001,-0.831,-5.0993262,-6.9327918,0.3437748,-12.62799432,21.42289962,0.8823553199999999
4.35,435,0.071,0.052000000000000005,-0.802,0.5156622000000001,-6.875496000000001,0.4583664000000001,-12.58788726,21.245282640000006,0.93392154
4.36,436,0.058,0.108,-0.772,4.7555514,-7.906820400000001,2.6356068,-12.5191323,21.17652768,0.9740286
4.37,437,0.07,0.16699999999999998,-0.7759999999999999,7.2765666,-8.3651868,6.130650599999999,-12.41599986,21.10777272,1.05424272
4.38,438,0.101,0.217,-0.809,9.2819196,-6.990087599999999,9.5111028,-12.278489939999998,21.06193608,1.1688343199999998
4.39,439,0.139,0.255,-0.8270000000000001,11.917526400000002,-4.9847345999999995,11.0007936,-12.11233212,21.03901776,1.2891555000000001
4.3999999999999995,440,0.179,0.276,-0.8270000000000001,13.980175199999998,-2.3491278,10.599723,-11.99201094,20.9702628,1.41520626
4.41,441,0.218,0.282,-0.835,14.0947668,0.572958,9.3965112,-11.81439396,20.99318112,1.50687954
4.42,442,0.268,0.281,-0.879,12.0894138,4.1252976000000015,7.8495246,-11.66542488,21.05047692,1.5813640800000002
4.43,443,0.316,0.262,-0.924,9.6256944,6.589017,7.1046792000000005,-11.55083328,21.13069104,1.64438946
4.4399999999999995,444,0.374,0.223,-0.965,7.3911582,6.760904399999999,6.3598338,-11.45343042,21.21090516,1.6959556799999995
4.45,445,0.43,0.174,-1.014,5.6722842,6.990087599999999,4.8701430000000006,-11.36748672,21.30257844,1.73033316
4.46,446,0.477,0.128,-1.045,5.844171599999999,7.7922288,2.1199446,-11.31019092,21.38279256,1.74179232
4.47,447,0.496,0.08800000000000001,-1.063,7.333862400000001,10.7716104,-0.9740286,-11.24716554,21.485925,1.7074148399999998
4.4799999999999995,448,0.487,0.07400000000000001,-1.032,8.7089616,14.4385416,-3.4950437999999995,-11.18414016,21.62343492,1.64438946
4.49,449,0.463,0.109,-0.98,7.448453999999999,18.5065434,-4.1252976000000015,-11.13830352,21.79532232,1.56990492
4.5,450,0.461,0.187,-0.945,2.8074942000000003,22.7464326,-2.5210152000000003,-11.15549226,22.03596468,1.4896908000000002
4.51,451,0.477,0.255,-0.928,-1.0886202,25.210152,-0.1718874,-11.18986974,22.28233662,1.44385416
4.52,452,0.488,0.289,-0.916,-3.7815227999999994,23.8923486,1.7761698,-11.24143596,22.5172494,1.4209358399999998
4.53,453,0.487,0.295,-0.916,-5.0993262,20.8556712,3.7815227999999994,-11.29300218,22.72924386,1.42666542
4.54,454,0.479,0.285,-0.908,-4.2398892,16.2147114,5.6149884000000005,-11.327379660000002,22.89540168,1.45531332
4.55,455,0.466,0.262,-0.889,-1.6042823999999998,10.1986524,7.333862400000001,-11.38467546,23.03864118,1.49542038
4.56,456,0.449,0.235,-0.867,1.2605076000000002,4.4117766,8.3651868,-11.3445684,23.10166656,1.5756344999999998
4.57,457,0.428,0.209,-0.8420000000000001,3.8388186,0.057295800000000015,8.193299399999999,-11.27008386,23.1188553,1.6615782
4.58,458,0.396,0.199,-0.8140000000000001,6.417129599999999,-2.5210152000000003,7.3911582,-11.172681,23.10739614,1.7475218999999995
4.59,459,0.374,0.204,-0.7829999999999999,8.250595200000001,-4.0680017999999984,6.875496000000001,-11.05235982,23.07874824,1.82200644
4.6,460,0.366,0.218,-0.764,8.479778399999999,-4.8128472,6.9327918,-10.98360486,23.05010034,1.89649098
4.61,461,0.3720000000000001,0.234,-0.7509999999999999,7.161975,-6.016058999999999,7.5057497999999985,-10.87474284,23.0042637,1.98816426
4.62,462,0.389,0.238,-0.76,4.8701430000000006,-7.2765666,8.193299399999999,-10.78306956,22.95269748,2.08556712
4.63,463,0.41,0.227,-0.7879999999999999,2.1772404,-8.5370742,8.8235532,-10.72004418,22.88394252,2.19442914
4.64,464,0.429,0.201,-0.823,-0.1718874,-8.8235532,8.9381448,-10.67420754,22.81518756,2.30329116
4.6499999999999995,465,0.445,0.16699999999999998,-0.866,-2.1772404,-7.6203414,8.479778399999999,-10.6570188,22.792269240000003,2.40069402
4.66,466,0.451,0.141,-0.899,-3.2085648,-5.3285094000000015,6.990087599999999,-10.6570188,22.75216218,2.48090814
4.67,467,0.446,0.122,-0.924,-3.7815227999999994,-2.3491278,5.042030400000002,-10.67420754,22.73497344,2.53820394
4.68,468,0.433,0.1,-0.939,-5.3858052,0.7448454000000001,2.9220857999999996,-10.7143146,22.7464326,2.57258142
4.6899999999999995,469,0.426,0.079,-0.955,-7.6203414,4.5263682,0.8594370000000001,-10.79452872,22.792269240000003,2.57258142
4.7,470,0.41,0.059,-0.969,-8.7089616,7.1046792000000005,-0.6302538000000001,-10.81744704,22.8610242,2.56685184
4.71,471,0.399,0.047,-0.968,-9.8548776,8.136003599999999,-1.6042823999999998,-10.932038639999998,22.93550874,2.53820394
4.72,472,0.393,0.043,-0.971,-9.9121734,7.5057497999999985,-2.1199446,-11.04663024,23.0042637,2.50382646
4.7299999999999995,473,0.381,0.046,-0.956,-7.906820400000001,4.583664,-2.5210152000000003,-11.1440331,23.04437076,2.46944898
4.74,474,0.365,0.054000000000000006,-0.931,-5.958763200000001,0.9740286,-3.151269,-11.21851764,23.04437076,2.4350715000000003
4.75,475,0.35200000000000004,0.063,-0.905,-4.8128472,-1.8907613999999997,-4.0680017999999984,-11.18986974,22.98707496,2.42361234
4.76,476,0.353,0.075,-0.893,-4.297185,-3.6096354,-4.9274388,-11.24716554,22.94123832,2.3777757
4.77,477,0.35200000000000004,0.083,-0.8859999999999999,-3.5523396000000003,-5.3858052,-5.6149884000000005,-11.30446134,22.87821294,2.32620948
4.78,478,0.353,0.09,-0.878,-2.8074942000000003,-6.875496000000001,-6.130650599999999,-11.35029798,22.79799882,2.2746432600000004
4.79,479,0.35700000000000004,0.103,-0.877,-1.7761698,-8.3651868,-6.2452422,-11.39040504,22.70632554,2.22307704
4.8,480,0.364,0.118,-0.878,-1.3750992,-10.313244,-5.7868758000000025,-11.396134620000002,22.58600436,2.18869956
4.81,481,0.375,0.14,-0.8809999999999999,-0.9167328,-12.261301199999998,-5.1566220000000005,-11.41905294,22.45422402,2.15432208
4.82,482,0.389,0.161,-0.885,-0.4583664000000001,-14.0947668,-4.5263682,-11.4305121,22.31098452,2.13140376
4.83,483,0.405,0.175,-0.89,-0.3437748,-16.1001198,-4.3544808,-11.43624168,22.14482670000001,2.11421502
4.84,484,0.412,0.179,-0.8959999999999999,-0.22918320000000006,-17.246035799999998,-4.6982556,-11.44197126,21.96720972,2.09702628
4.85,485,0.416,0.17800000000000002,-0.902,-0.057295800000000015,-17.761698000000006,-5.3858052,-11.45916,21.79532232,2.06837838
4.86,486,0.416,0.175,-0.91,0.0,-17.589810600000003,-6.130650599999999,-11.46488958,21.61197576,2.0340008999999997
4.87,487,0.409,0.172,-0.916,0.1718874,-17.0168526,-6.8182002000000015,-11.47634874,21.43435878,1.99389384
4.88,488,0.399,0.16899999999999998,-0.922,0.572958,-15.813640800000002,-7.5057497999999985,-11.4878079,21.26820096,1.9480572000000005
4.89,489,0.388,0.16899999999999998,-0.926,0.8021411999999999,-14.0947668,-7.906820400000001,-11.49926706,21.1135023,1.8907613999999997
4.8999999999999995,490,0.378,0.17800000000000002,-0.926,0.6875496,-12.0894138,-8.078707799999998,-11.52218538,20.97599238,1.82200644
4.91,491,0.37,0.193,-0.924,0.1718874,-9.3965112,-7.6776372,-11.53937412,20.87285994,1.75898106
4.92,492,0.362,0.209,-0.921,-0.11459160000000003,-7.2765666,-7.2192707999999985,-11.562292439999998,20.78691624,1.70168526
4.93,493,0.353,0.223,-0.919,-0.6302538000000001,-5.6722842,-6.589017,-11.59094034,20.71816128,1.6386598799999998
4.9399999999999995,494,0.337,0.237,-0.919,-1.0313244,-4.4690724,-5.7868758000000025,-11.61958824,20.66086548,1.5870936600000003
4.95,495,0.34600000000000003,0.245,-0.913,-2.6356068,-3.4377480000000005,-5.042030400000002,-11.75709816,20.57492178,1.53552744
4.96,496,0.329,0.253,-0.925,-2.7501984,-3.0939732,-4.1825934,-11.79720522,20.5405443,1.50114996
4.97,497,0.331,0.252,-0.921,-1.145916,-3.6096354,-3.0939732,-11.82012354,20.49470766,1.47250206
4.9799999999999995,498,0.322,0.251,-0.913,-0.1718874,-4.8128472,-2.2345362,-11.82585312,20.44314144,1.4610428999999998
4.99,499,0.317,0.241,-0.904,0.057295800000000015,-5.3858052,-1.432395,-11.82585312,20.39157522,1.45531332
5.0,500,0.31,0.237,-0.904,0.11459160000000003,-5.5003968,-0.9167328,-11.95763346,20.23114698,1.45531332
5.01,501,0.307,0.241,-0.907,0.22918320000000006,-5.443101,-0.6875496,-11.95190388,20.17958076,1.4610428999999998
5.02,502,0.308,0.238,-0.91,0.286479,-5.3858052,-0.5156622000000001,-11.9461743,20.12228496,1.46677248
5.03,503,0.31,0.231,-0.912,0.4583664000000001,-5.6722842,-0.4010706,-11.94044472,20.06498916,1.47250206
5.04,504,0.311,0.219,-0.914,0.5156622000000001,-6.302537999999998,-0.286479,-11.92898556,20.00769336,1.4782316400000002
5.05,505,0.312,0.202,-0.917,0.4010706,-7.2192707999999985,0.057295800000000015,-11.96336304,19.87591302,1.50114996
5.06,506,0.313,0.187,-0.919,0.0,-7.6203414,0.4583664000000001,-11.95190388,19.80142848,1.52406828
5.07,507,0.309,0.174,-0.926,-0.4010706,-7.2765666,0.9740286,-11.95190388,19.73267352,1.5469866
5.08,508,0.306,0.16399999999999998,-0.931,0.0,-6.417129599999999,1.4896908000000002,-11.94044472,19.66964814,1.5756344999999998
5.09,509,0.305,0.157,-0.935,0.4583664000000001,-5.0993262,1.6615782,-11.92325598,19.6238115,1.6042824000000002
5.1,510,0.305,0.147,-0.936,0.8021411999999999,-3.8961144,1.7188740000000002,-11.84877144,19.51494948,1.65011904
5.11,511,0.305,0.14,-0.936,0.9740286,-2.9793816000000004,1.5469866,-11.831582699999998,19.48630158,1.67303736
5.12,512,0.307,0.133,-0.931,0.6875496,-2.1772404,1.145916,-11.81439396,19.46911284,1.6902260999999998
5.13,513,0.312,0.129,-0.929,0.3437748,-1.3178034,0.8594370000000001,-11.80866438,19.45765368,1.70168526
5.14,514,0.317,0.127,-0.928,-0.11459160000000003,-0.6875496,0.4583664000000001,-11.80866438,19.4519241,1.7074148399999998
5.1499999999999995,515,0.318,0.126,-0.926,-0.4583664000000001,-0.057295800000000015,0.1718874,-11.2872726,19.24565922,1.8334656000000003
5.16,516,0.318,0.13,-0.923,-0.572958,0.3437748,0.0,-11.29300218,19.2513888,1.8334656000000003
5.17,517,0.321,0.135,-0.92,-0.7448454000000001,0.6875496,-0.22918320000000006,-11.30446134,19.25711838,1.82773602
5.18,518,0.32299999999999995,0.141,-0.918,-0.9167328,0.9740286,-0.4583664000000001,-11.3159205,19.268577540000006,1.82200644
5.1899999999999995,519,0.325,0.151,-0.915,-1.2605076000000002,0.9740286,-0.572958,-11.33310924,19.27430712,1.81054728
5.2,520,0.328,0.159,-0.914,-1.432395,0.8021411999999999,-0.4583664000000001,-11.35029798,19.24565922,1.81627686
5.21,521,0.331,0.17,-0.914,-1.6042823999999998,0.7448454000000001,-0.3437748,-11.36748672,19.25711838,1.81054728
5.22,522,0.336,0.18,-0.916,-1.4896908000000002,0.6302538000000001,-0.1718874,-11.38467546,19.26284796,1.8048176999999999
5.2299999999999995,523,0.34,0.191,-0.915,-1.5469866,0.3437748,-0.1718874,-11.4018642,19.26284796,1.8048176999999999
5.24,524,0.343,0.197,-0.914,-1.3178034,0.0,-0.11459160000000003,-11.41332336,19.26284796,1.8048176999999999
5.25,525,0.345,0.2,-0.914,-1.2032118,-0.3437748,-0.11459160000000003,-11.613858660000002,19.268577540000006,1.7761698
5.26,526,0.345,0.201,-0.913,-1.2032118,-0.6302538000000001,-0.11459160000000003,-11.62531782,19.25711838,1.7761698
5.27,527,0.34600000000000003,0.203,-0.914,-1.145916,-0.8021411999999999,-0.057295800000000015,-11.63677698,19.2513888,1.7761698
5.28,528,0.34700000000000003,0.202,-0.914,-1.145916,-0.9167328,0.0,-11.64823614,19.23992964,1.7761698
5.29,529,0.35,0.201,-0.916,-0.8021411999999999,-0.9740286,0.0,-11.65396572,19.23420006,1.7761698
5.3,530,0.35200000000000004,0.198,-0.916,-0.6875496,-1.0313244,0.057295800000000015,-11.80866438,19.268577540000006,1.7475218999999995
5.31,531,0.353,0.196,-0.917,-0.6875496,-1.0313244,0.1718874,-11.81439396,19.25711838,1.75325148
5.32,532,0.354,0.195,-0.916,-0.7448454000000001,-0.9740286,0.1718874,-11.82585312,19.24565922,1.75898106
5.33,533,0.35200000000000004,0.193,-0.916,-0.572958,-1.0886202,0.11459160000000003,-11.82585312,19.23420006,1.75898106
5.34,534,0.348,0.191,-0.919,-0.5156622000000001,-1.2032118,0.11459160000000003,-11.831582699999998,19.222740899999998,1.76471064
5.35,535,0.345,0.191,-0.92,-0.3437748,-1.3178034,0.11459160000000003,-11.92898556,19.22847048,1.75325148
5.36,536,0.343,0.19,-0.921,-0.1718874,-1.432395,0.057295800000000015,-11.92898556,19.21701132,1.75325148
5.37,537,0.343,0.188,-0.923,0.0,-1.432395,0.0,-11.92898556,19.19982258,1.75898106
5.38,538,0.339,0.18600000000000005,-0.922,0.0,-1.145916,-0.057295800000000015,-11.92898556,19.18836342,1.75898106
5.39,539,0.337,0.185,-0.921,-0.1718874,-1.0313244,0.0,-11.92898556,19.17690426,1.75898106
5.3999999999999995,540,0.335,0.182,-0.92,-0.1718874,-1.0313244,-0.11459160000000003,-11.98628136,19.136797199999997,1.75898106
5.41,541,0.332,0.18,-0.922,-0.057295800000000015,-1.0313244,-0.11459160000000003,-11.98628136,19.12533804,1.75898106
5.42,542,0.331,0.179,-0.923,0.11459160000000003,-1.2605076000000002,-0.1718874,-11.98628136,19.11387888,1.76471064
5.43,543,0.33,0.17800000000000002,-0.923,0.057295800000000015,-1.5469866,-0.286479,-11.98055178,19.09669014,1.75898106
5.4399999999999995,544,0.328,0.17800000000000002,-0.921,0.057295800000000015,-1.432395,-0.22918320000000006,-11.98055178,19.08523098,1.75898106
5.45,545,0.324,0.177,-0.919,-0.057295800000000015,-1.3750992,-0.1718874,-11.99774052,19.00501686,1.7761698
5.46,546,0.321,0.175,-0.92,-0.11459160000000003,-1.2032118,-0.11459160000000003,-11.99774052,18.9935577,1.7761698
5.47,547,0.32,0.174,-0.919,-0.1718874,-1.0886202,-0.11459160000000003,-11.99774052,18.982098540000006,1.7761698
5.4799999999999995,548,0.319,0.173,-0.921,-0.057295800000000015,-0.9740286,0.0,-11.99774052,18.97063938,1.7761698
5.49,549,0.32,0.172,-0.921,0.0,-1.0313244,-0.057295800000000015,-11.99774052,18.95918022,1.7761698
5.5,550,0.32,0.173,-0.921,-0.11459160000000003,-1.0313244,-0.11459160000000003,-11.99201094,18.87323652,1.79908812
5.51,551,0.319,0.175,-0.919,-0.3437748,-0.9167328,-0.11459160000000003,-11.99774052,18.86177736,1.79908812
5.52,552,0.318,0.17600000000000002,-0.918,-0.4010706,-0.8594370000000001,-0.22918320000000006,-11.99774052,18.85604778,1.79908812
5.53,553,0.318,0.177,-0.919,-0.22918320000000006,-0.9740286,-0.286479,-12.0034701,18.844588620000003,1.7933585399999998
5.54,554,0.321,0.17600000000000002,-0.919,-0.22918320000000006,-0.9167328,-0.4010706,-12.00919968,18.83312946,1.7933585399999998
5.55,555,0.32299999999999995,0.179,-0.919,-0.286479,-0.6302538000000001,-0.4010706,-12.03784758,18.78156324,1.7933585399999998
5.56,556,0.326,0.183,-0.921,-0.286479,-0.5156622000000001,-0.3437748,-12.04357716,18.77583366,1.7933585399999998
5.57,557,0.328,0.188,-0.92,-0.11459160000000003,-0.4583664000000001,-0.22918320000000006,-12.04357716,18.77010408,1.7933585399999998
5.58,558,0.33,0.189,-0.921,-0.11459160000000003,-0.4583664000000001,-0.286479,-12.049306740000002,18.7643745,1.78762896
5.59,559,0.33,0.19,-0.92,-0.11459160000000003,-0.5156622000000001,-0.22918320000000006,-12.049306740000002,18.75864492,1.78762896
5.6,560,0.331,0.189,-0.92,-0.11459160000000003,-0.4583664000000001,0.0,-12.18108708,18.74718576,1.77044022
5.61,561,0.334,0.188,-0.922,0.0,-0.572958,0.0,-12.18108708,18.74145618,1.77044022
5.62,562,0.336,0.188,-0.921,0.1718874,-0.572958,0.0,-12.1753575,18.7357266,1.7761698
5.63,563,0.337,0.188,-0.918,0.11459160000000003,-0.5156622000000001,0.057295800000000015,-12.1753575,18.729997020000006,1.7761698
5.64,564,0.338,0.188,-0.916,0.057295800000000015,-0.6302538000000001,0.057295800000000015,-12.1753575,18.72426744,1.7761698
5.6499999999999995,565,0.336,0.188,-0.914,0.0,-0.5156622000000001,0.0,-12.28421952,18.79875198,1.7475218999999995
5.66,566,0.335,0.18600000000000005,-0.915,-0.057295800000000015,0.22918320000000006,0.057295800000000015,-12.28421952,18.79875198,1.7475218999999995
5.67,567,0.335,0.183,-0.915,-0.22918320000000006,0.4010706,0.1718874,-12.2899491,18.80448156,1.7475218999999995
5.68,568,0.334,0.17800000000000002,-0.912,-0.5156622000000001,0.22918320000000006,0.286479,-12.2899491,18.81021114,1.75325148
5.6899999999999995,569,0.334,0.174,-0.911,-0.8021411999999999,0.0,0.286479,-12.30140826,18.81021114,1.75325148
5.7,570,0.334,0.172,-0.914,-0.8021411999999999,-0.286479,0.286479,-12.28421952,18.8216703,1.75898106
5.71,571,0.333,0.17600000000000002,-0.921,-0.6302538000000001,-0.572958,0.286479,-12.28421952,18.81594072,1.76471064
5.72,572,0.333,0.181,-0.925,-0.5156622000000001,-0.572958,0.057295800000000015,-12.2899491,18.81021114,1.76471064
5.7299999999999995,573,0.331,0.185,-0.926,-0.1718874,-0.5156622000000001,0.057295800000000015,-12.295678679999998,18.80448156,1.76471064
5.74,574,0.329,0.185,-0.925,0.057295800000000015,-0.286479,0.057295800000000015,-12.2899491,18.80448156,1.77044022
5.75,575,0.326,0.185,-0.919,0.057295800000000015,-0.3437748,0.057295800000000015,-12.33578574,18.729997020000006,1.7761698
5.76,576,0.324,0.185,-0.918,0.057295800000000015,-0.22918320000000006,0.0,-12.33578574,18.729997020000006,1.7761698
5.77,577,0.32299999999999995,0.184,-0.916,-0.22918320000000006,-0.057295800000000015,0.0,-12.33578574,18.72426744,1.7761698
5.78,578,0.325,0.184,-0.916,-0.5156622000000001,0.11459160000000003,-0.057295800000000015,-12.34151532,18.729997020000006,1.7761698
5.79,579,0.326,0.185,-0.918,-0.6875496,0.3437748,-0.057295800000000015,-12.35297448,18.729997020000006,1.7761698
5.8,580,0.328,0.18600000000000005,-0.921,-0.6302538000000001,0.572958,0.0,-12.3758928,18.71853786,1.7761698
5.81,581,0.329,0.188,-0.926,-0.3437748,0.4583664000000001,-0.11459160000000003,-12.38162238,18.72426744,1.77044022
5.82,582,0.33,0.189,-0.929,-0.057295800000000015,0.4583664000000001,-0.11459160000000003,-12.38162238,18.729997020000006,1.77044022
5.83,583,0.328,0.189,-0.929,-0.11459160000000003,0.3437748,-0.057295800000000015,-12.38735196,18.7357266,1.77044022
5.84,584,0.324,0.189,-0.928,0.0,0.286479,0.0,-12.38735196,18.7357266,1.76471064
5.85,585,0.321,0.188,-0.926,0.1718874,0.4010706,0.0,-12.41599986,18.67270122,1.7761698
5.86,586,0.322,0.187,-0.924,0.3437748,0.572958,0.057295800000000015,-12.41027028,18.6784308,1.7761698
5.87,587,0.32299999999999995,0.187,-0.922,0.4010706,0.7448454000000001,0.057295800000000015,-12.404540699999998,18.68416038,1.7761698
5.88,588,0.32299999999999995,0.188,-0.918,0.22918320000000006,0.9167328,0.057295800000000015,-12.404540699999998,18.69561954,1.7761698
5.89,589,0.324,0.18600000000000005,-0.916,0.0,0.9167328,0.0,-12.404540699999998,18.70134912,1.7761698
5.8999999999999995,590,0.324,0.18600000000000005,-0.918,-0.286479,0.8594370000000001,0.0,-12.421729440000002,18.68988996,1.7761698
5.91,591,0.325,0.184,-0.92,-0.3437748,0.8021411999999999,0.0,-12.42745902,18.70134912,1.77044022
5.92,592,0.322,0.183,-0.922,-0.3437748,0.8594370000000001,0.0,-12.4331886,18.7070787,1.77044022
5.93,593,0.319,0.183,-0.923,-0.057295800000000015,0.9167328,0.0,-12.4331886,18.71853786,1.77044022
5.9399999999999995,594,0.319,0.18,-0.921,0.1718874,1.0886202,0.0,-12.4331886,18.72426744,1.76471064
5.95,595,0.321,0.179,-0.92,0.22918320000000006,1.0886202,0.1718874,-12.41599986,18.71280828,1.7761698
5.96,596,0.32299999999999995,0.179,-0.92,0.4010706,1.0313244,0.22918320000000006,-12.41027028,18.72426744,1.7761698
5.97,597,0.325,0.18,-0.92,0.3437748,1.145916,0.3437748,-12.41027028,18.7357266,1.7761698
5.9799999999999995,598,0.327,0.183,-0.921,0.22918320000000006,1.145916,0.4010706,-12.404540699999998,18.74718576,1.7761698
5.99,599,0.328,0.185,-0.923,0.22918320000000006,1.145916,0.4583664000000001,-12.404540699999998,18.75864492,1.78189938
6.0,600,0.328,0.18600000000000005,-0.924,0.1718874,1.145916,0.3437748,-12.41027028,18.75864492,1.78189938
6.01,601,0.325,0.187,-0.922,0.11459160000000003,0.9740286,0.286479,-12.41027028,18.77010408,1.78762896
6.02,602,0.32299999999999995,0.188,-0.922,0.11459160000000003,0.9167328,0.22918320000000006,-12.404540699999998,18.77583366,1.78762896
6.03,603,0.32299999999999995,0.189,-0.922,0.11459160000000003,1.0313244,0.1718874,-12.404540699999998,18.78729282,1.78762896
6.04,604,0.324,0.189,-0.923,0.3437748,1.145916,0.11459160000000003,-12.404540699999998,18.79875198,1.78189938
6.05,605,0.325,0.189,-0.924,0.6875496,1.145916,0.11459160000000003,-12.41027028,18.793022399999998,1.78762896
6.06,606,0.329,0.188,-0.925,0.9740286,1.145916,0.1718874,-12.39881112,18.80448156,1.78189938
6.07,607,0.331,0.187,-0.924,1.3178034,0.8594370000000001,0.22918320000000006,-12.38162238,18.81594072,1.78762896
6.08,608,0.331,0.18600000000000005,-0.923,1.432395,0.4010706,0.22918320000000006,-12.370163219999998,18.8216703,1.78762896
6.09,609,0.331,0.185,-0.922,1.432395,0.1718874,0.1718874,-12.35297448,18.8216703,1.78762896
6.1,610,0.329,0.184,-0.92,1.3178034,-0.057295800000000015,0.0,-12.347244899999998,18.81021114,1.78762896
6.11,611,0.328,0.181,-0.916,1.2032118,-0.1718874,0.0,-12.33578574,18.81021114,1.78762896
6.12,612,0.326,0.181,-0.914,1.3178034,-0.1718874,0.0,-12.318597,18.81021114,1.78762896
6.13,613,0.324,0.18,-0.915,1.3178034,-0.057295800000000015,-0.057295800000000015,-12.30713784,18.81021114,1.78762896
6.14,614,0.325,0.18,-0.917,1.3750992,0.22918320000000006,0.0,-12.295678679999998,18.81021114,1.78762896
6.15,615,0.327,0.182,-0.92,1.432395,0.572958,0.0,-12.28421952,18.81021114,1.78762896
6.16,616,0.33,0.182,-0.922,1.4896908000000002,0.7448454000000001,0.057295800000000015,-12.26703078,18.81594072,1.78762896
6.17,617,0.331,0.183,-0.924,1.5469866,0.8021411999999999,0.1718874,-12.25557162,18.82739988,1.78762896
6.18,618,0.332,0.184,-0.924,1.7761698,0.5156622000000001,0.22918320000000006,-12.2326533,18.83312946,1.78762896
6.1899999999999995,619,0.332,0.183,-0.923,1.7188740000000002,0.286479,0.22918320000000006,-12.21546456,18.83312946,1.78762896
6.2,620,0.333,0.182,-0.922,1.6615782,0.1718874,0.5156622000000001,-12.2040054,18.83885904,1.7933585399999998
6.21,621,0.331,0.18,-0.921,1.5469866,0.11459160000000003,0.4583664000000001,-12.186816659999998,18.83885904,1.79908812
6.22,622,0.331,0.177,-0.921,1.6042823999999998,0.057295800000000015,0.4010706,-12.16962792,18.844588620000003,1.8048176999999999
6.2299999999999995,623,0.328,0.175,-0.919,1.3178034,0.0,0.3437748,-12.15243918,18.844588620000003,1.8048176999999999
6.24,624,0.32299999999999995,0.175,-0.914,0.7448454000000001,0.1718874,0.286479,-12.1467096,18.844588620000003,1.81054728
6.25,625,0.321,0.175,-0.914,0.4583664000000001,0.6875496,0.286479,-12.135250439999998,18.82739988,1.81627686
6.26,626,0.319,0.179,-0.919,0.4583664000000001,1.3178034,0.286479,-12.12952086,18.83885904,1.81627686
6.27,627,0.32299999999999995,0.182,-0.922,0.8021411999999999,1.6615782,0.22918320000000006,-12.12379128,18.85604778,1.81627686
6.28,628,0.326,0.183,-0.923,0.9167328,1.6042823999999998,0.1718874,-12.11233212,18.87323652,1.81627686
6.29,629,0.328,0.181,-0.923,0.9167328,1.2032118,0.286479,-12.10660254,18.88469568,1.81627686
6.3,630,0.331,0.179,-0.923,0.8594370000000001,0.8594370000000001,0.4010706,-12.09514338,18.88469568,1.82200644
6.31,631,0.333,0.179,-0.925,0.9740286,0.6302538000000001,0.572958,-12.08368422,18.89615484,1.82200644
6.32,632,0.328,0.179,-0.926,1.0886202,0.3437748,0.6875496,-12.07222506,18.90188442,1.8334656000000003
6.33,633,0.326,0.179,-0.924,1.2605076000000002,0.22918320000000006,0.8021411999999999,-12.05503632,18.90188442,1.83919518
6.34,634,0.324,0.182,-0.919,1.145916,0.3437748,0.6302538000000001,-12.04357716,18.907614,1.84492476
6.35,635,0.32299999999999995,0.183,-0.917,0.9740286,0.5156622000000001,0.572958,-12.049306740000002,18.89615484,1.85065434
6.36,636,0.321,0.182,-0.914,0.7448454000000001,0.8021411999999999,0.5156622000000001,-12.04357716,18.907614,1.85638392
6.37,637,0.322,0.181,-0.917,0.6302538000000001,1.0313244,0.4583664000000001,-12.032118,18.91907316,1.85638392
6.38,638,0.32299999999999995,0.179,-0.918,0.6302538000000001,1.3750992,0.286479,-12.02638842,18.93053232,1.85638392
6.39,639,0.325,0.17600000000000002,-0.918,0.6875496,1.6615782,0.3437748,-12.02065884,18.94772106,1.85638392
6.4,640,0.326,0.174,-0.918,0.7448454000000001,1.6042823999999998,0.3437748,-12.00919968,18.95345064,1.8621135
6.41,641,0.328,0.171,-0.916,0.4010706,1.2032118,0.3437748,-12.0034701,18.9649098,1.8621135
6.42,642,0.328,0.17,-0.92,0.22918320000000006,1.2605076000000002,0.22918320000000006,-11.99774052,18.982098540000006,1.8621135
6.43,643,0.328,0.174,-0.926,0.1718874,1.432395,0.3437748,-11.99774052,18.9935577,1.8621135
6.4399999999999995,644,0.328,0.18,-0.929,0.4010706,1.7188740000000002,0.4583664000000001,-11.99201094,19.01074644,1.86784308
6.45,645,0.327,0.183,-0.931,0.9167328,1.5469866,0.572958,-11.98628136,19.01074644,1.86784308
6.46,646,0.325,0.183,-0.928,1.2605076000000002,1.3750992,0.6302538000000001,-11.9748222,19.02793518,1.87357266
6.47,647,0.32299999999999995,0.181,-0.924,1.0886202,1.3178034,0.572958,-11.96336304,19.03939434,1.87930224
6.4799999999999995,648,0.322,0.181,-0.921,0.8594370000000001,1.2032118,0.572958,-11.95190388,19.0508535,1.87930224
6.49,649,0.324,0.181,-0.92,0.7448454000000001,1.2032118,0.6302538000000001,-11.94044472,19.06804224,1.88503182
6.5,650,0.328,0.181,-0.92,0.6875496,1.3178034,0.7448454000000001,-11.9461743,19.06804224,1.8907613999999997
6.51,651,0.331,0.183,-0.921,0.8594370000000001,1.432395,0.8021411999999999,-11.934715140000002,19.08523098,1.89649098
6.52,652,0.331,0.18,-0.921,0.8021411999999999,1.3178034,0.9167328,-11.92325598,19.10241972,1.90222056
6.53,653,0.331,0.18,-0.921,0.6875496,1.3178034,0.9740286,-11.91179682,19.11387888,1.91367972
6.54,654,0.33,0.18,-0.922,0.6302538000000001,1.2032118,1.0313244,-11.90606724,19.13106762,1.9194093000000003
6.55,655,0.327,0.18,-0.921,0.8021411999999999,0.8021411999999999,1.0313244,-11.90606724,19.11960846,1.93086846
6.56,656,0.325,0.18,-0.919,1.0313244,0.4583664000000001,0.9740286,-11.8888785,19.13106762,1.94232762
6.57,657,0.326,0.17800000000000002,-0.921,1.0886202,0.4583664000000001,0.8594370000000001,-11.87741934,19.136797199999997,1.9480572000000005
6.58,658,0.326,0.17600000000000002,-0.92,0.6875496,0.6302538000000001,0.8021411999999999,-11.86596018,19.14252678,1.95378678
6.59,659,0.327,0.173,-0.923,0.5156622000000001,0.6875496,0.7448454000000001,-11.860230599999998,19.15398594,1.9595163600000003
6.6,660,0.327,0.172,-0.924,0.572958,0.4010706,0.7448454000000001,-11.84877144,19.13106762,1.97097552
6.61,661,0.33,0.173,-0.926,0.8594370000000001,0.057295800000000015,0.8021411999999999,-11.83731228,19.136797199999997,1.98243468
6.62,662,0.331,0.175,-0.929,1.145916,0.0,0.9167328,-11.82012354,19.136797199999997,1.99389384
6.63,663,0.333,0.177,-0.93,1.7188740000000002,-0.057295800000000015,0.9167328,-11.8029348,19.136797199999997,1.99962342
6.64,664,0.335,0.17800000000000002,-0.935,2.291832,-0.286479,0.9167328,-11.774286900000002,19.136797199999997,2.01108258
6.65,665,0.335,0.174,-0.935,2.578311,-0.8021411999999999,0.7448454000000001,-11.745639,19.12533804,2.02254174
6.66,666,0.333,0.171,-0.925,2.2345362,-1.5469866,0.6875496,-11.7169911,19.1081493,2.0340008999999997
6.67,667,0.332,0.16899999999999998,-0.916,1.9480572,-2.0626488000000003,0.6302538000000001,-11.69407278,19.09096056,2.03973048
6.68,668,0.333,0.166,-0.914,1.8334656000000005,-2.3491278,0.572958,-11.67115446,19.06804224,2.05118964
6.6899999999999995,669,0.337,0.165,-0.919,1.9480572,-2.4637194,0.286479,-11.64823614,19.04512392,2.0626488000000003
6.7,670,0.343,0.163,-0.92,2.1772404,-2.291832,-0.057295800000000015,-11.61958824,19.02793518,2.0626488000000003
6.71,671,0.34600000000000003,0.16899999999999998,-0.92,2.4064236,-2.291832,-0.4583664000000001,-11.59666992,19.00501686,2.0626488000000003
6.72,672,0.34600000000000003,0.17600000000000002,-0.921,2.9220857999999996,-2.7501984,-0.6302538000000001,-11.56802202,18.97636896,2.05691922
6.7299999999999995,673,0.342,0.184,-0.924,3.0939732,-3.3231564,-0.4010706,-11.53364454,18.94772106,2.0626488000000003
6.74,674,0.336,0.189,-0.923,3.3231564,-4.010706000000001,-0.1718874,-11.49926706,18.907614,2.0626488000000003
6.75,675,0.328,0.18600000000000005,-0.923,3.3804522000000006,-4.0680017999999984,0.0,-11.470619159999998,18.86177736,2.07410796
6.76,676,0.32,0.182,-0.925,3.5523396000000003,-3.666931200000001,0.0,-11.4305121,18.82739988,2.07983754
6.77,677,0.316,0.183,-0.93,4.1252976000000015,-3.3231564,-0.11459160000000003,-11.39040504,18.793022399999998,2.07983754
6.78,678,0.312,0.188,-0.926,6.5317212,-3.0366774,-0.5156622000000001,-11.32165008,18.7643745,2.07983754
6.79,679,0.312,0.187,-0.899,7.6776372,-2.7501984,-1.145916,-11.24716554,18.7357266,2.07410796
6.8,680,0.322,0.18,-0.8740000000000001,6.5317212,-2.8074942000000003,-1.6615782,-11.19559932,18.7070787,2.05691922
6.81,681,0.327,0.17800000000000002,-0.8959999999999999,4.8128472,-3.3231564,-1.7188740000000002,-11.149762679999998,18.67270122,2.04546006
6.82,682,0.33,0.171,-0.927,4.8128472,-4.4117766,-1.5469866,-11.10392604,18.62686458,2.0340008999999997
6.83,683,0.329,0.166,-0.954,5.3285094000000015,-5.6149884000000005,-1.4896908000000002,-11.04663024,18.56956878,2.02827132
6.84,684,0.319,0.163,-0.961,6.9327918,-6.417129599999999,-1.2032118,-10.97787528,18.5065434,2.02827132
6.85,685,0.308,0.165,-0.941,8.8235532,-7.333862400000001,-0.8594370000000001,-10.89193158,18.42632928,2.02827132
