TimeStamp(s),FrameCounter,AccX,AccY,AccZ,GyrX,GyrY,GyrZ,EulerX,EulerY,EulerZ
0.01,1,-0.001,-1.005,-0.132,2.6356068,-3.3231564,-1.2032118,78.87339828,1.6959556799999995,-35.99322156
0.02,2,-0.003,-1.004,-0.133,2.6356068,-3.0366774,-1.3178034,78.90204618,1.7074148399999998,-36.02186946
0.03,3,-0.006999999999999999,-0.999,-0.133,2.9793816000000004,-3.2658606,-1.0313244,78.93069408,1.71314442,-36.05624694
0.04,4,-0.009000000000000001,-1.004,-0.126,2.578311,-3.6096354,-0.7448454000000001,79.00517862,1.67303736,-36.09062442
0.05,5,-0.011,-1.009,-0.132,1.7761698,-3.9534102,-0.4010706,79.02236736,1.67303736,-36.13073148
0.060000000000000005,6,-0.022,-1.011,-0.141,0.6875496,-4.297185,-0.286479,79.03382652,1.6673077799999998,-36.17656812
0.06999999999999999,7,-0.032,-1.014,-0.15,0.057295800000000015,-4.1825934,-0.286479,79.03382652,1.6615782,-36.21667518
0.08,8,-0.036000000000000004,-1.015,-0.153,-0.3437748,-3.6096354,-0.4583664000000001,79.02809694,1.6615782,-36.25105266
0.09,9,-0.04,-1.013,-0.159,-0.057295800000000015,-2.9220857999999996,-0.572958,79.04528567999998,1.52979786,-36.25678224
0.09999999999999999,10,-0.041,-1.012,-0.157,-0.057295800000000015,-1.8907613999999997,-0.8021411999999999,79.04528567999998,1.52979786,-36.27970056
0.11,11,-0.038,-1.009,-0.146,-0.572958,-0.11459160000000004,-0.8021411999999999,79.0395561,1.5412570200000002,-36.27970056
0.12,12,-0.029,-1.007,-0.139,-1.0886202,1.432395,-0.4583664000000001,79.02809694,1.5469866,-36.2682414
0.13,13,-0.022,-0.998,-0.136,-1.0886202,1.7188740000000002,0.057295800000000015,79.01663778,1.5469866,-36.25105266
0.14,14,-0.016,-1.001,-0.127,-1.3178034,1.3750992,0.6302538000000001,79.09112232,1.47250206,-36.23386392
0.15000000000000002,15,-0.012,-1.003,-0.129,-1.7188740000000002,1.3178034,0.9167328,79.07393358,1.4610428999999998,-36.22240476
0.16,16,-0.005,-1.001,-0.136,-1.7188740000000002,1.2605076000000002,0.9740286,79.05101526000001,1.45531332,-36.20521602
0.17,17,-0.003,-1.001,-0.141,-2.1199446,0.9167328,0.9167328,79.03382652,1.44958374,-36.19375686
0.18000000000000002,18,-0.008,-0.996,-0.14,-2.291832,0.6302538000000001,0.7448454000000001,79.01090819999997,1.43812458,-36.18802728
0.19,19,-0.014,-0.993,-0.14300000000000002,-2.0053530000000004,0.3437748,0.6302538000000001,79.05101526000001,1.34072172,-36.17083854
0.2,20,-0.015,-0.989,-0.14400000000000002,-1.9480572,0.286479,0.4010706,79.02809694,1.3349921400000002,-36.17083854
0.21000000000000002,21,-0.018000000000000002,-0.986,-0.141,-1.8907613999999997,0.4010706,0.11459160000000004,79.01090819999997,1.3349921400000002,-36.16510896000001
0.22,22,-0.019,-0.985,-0.138,-1.7761698,0.4583664000000001,0.0,78.98798988,1.3349921400000002,-36.15937938
0.23,23,-0.015,-0.985,-0.134,-1.3178034,0.4010706,0.0,78.97653072,1.3349921400000002,-36.1536498
0.24000000000000002,24,-0.011,-0.985,-0.132,-1.145916,0.572958,-0.057295800000000015,79.0968519,1.2318597,-36.14792022
0.25,25,-0.006,-0.984,-0.13,-0.9167328,0.5156622000000001,0.0,79.08539274,1.2318597,-36.14219064
0.26,26,-0.005,-0.987,-0.126,-0.9740286,0.4583664000000001,0.057295800000000015,79.07966316,1.2318597,-36.14219064
0.27,27,-0.005,-0.99,-0.122,-0.9167328,0.4010706,0.11459160000000004,79.06820400000002,1.2318597,-36.13646106
0.28,28,-0.005,-0.989,-0.125,-0.6302538000000001,0.572958,0.3437748,79.06247442,1.22613012,-36.13073148
0.29000000000000004,29,-0.003,-0.993,-0.129,-0.3437748,0.5156622000000001,0.5156622000000001,79.24582097999998,1.10580894,-36.13073148
0.3,30,-0.005,-0.994,-0.131,-0.057295800000000015,0.1718874,0.7448454000000001,79.24582097999998,1.10007936,-36.1250019
0.31,31,-0.006999999999999999,-0.996,-0.13699999999999998,0.057295800000000015,0.057295800000000015,0.8021411999999999,79.24582097999998,1.09434978,-36.1250019
0.32,32,-0.009000000000000001,-0.996,-0.13699999999999998,0.6302538000000001,-0.057295800000000015,0.6875496,79.25728014,1.08289062,-36.1250019
0.33,33,-0.01,-0.995,-0.132,1.0886202,0.0,0.7448454000000001,79.26873930000002,1.07716104,-36.1250019
0.34,34,-0.008,-0.996,-0.132,1.3178034,0.0,0.6875496,79.3833309,0.9912173399999998,-36.1250019
0.35000000000000003,35,-0.009000000000000001,-1.0,-0.132,1.145916,0.0,0.2291832000000001,79.39479005999998,0.9912173399999998,-36.1250019
0.36000000000000004,36,-0.018000000000000002,-0.998,-0.13,0.9167328,0.0,-0.2291832000000001,79.40624921999998,0.9912173399999998,-36.1250019
0.37,37,-0.019,-0.999,-0.129,0.8594370000000001,0.286479,-0.3437748,79.4119788,0.9969469199999998,-36.11927232
0.38,38,-0.017,-1.003,-0.129,0.7448454000000001,0.5156622000000001,-0.286479,79.42343796,1.0026765,-36.11354274
0.39,39,-0.013,-1.002,-0.129,0.7448454000000001,0.4010706,-0.11459160000000004,79.62397326,0.8537074199999999,-36.11354274
0.4,40,-0.01,-1.0,-0.13,0.6875496,0.1718874,0.2291832000000001,79.62970284,0.8537074199999999,-36.11354274
0.41000000000000003,41,-0.009000000000000001,-1.002,-0.129,0.4583664000000001,-0.11459160000000004,0.4583664000000001,79.63543242,0.8479778399999999,-36.11354274
0.42000000000000004,42,-0.011,-0.999,-0.13,0.5156622000000001,-0.1718874,0.7448454000000001,79.641162,0.8422482600000001,-36.11354274
0.43,43,-0.013,-0.998,-0.131,0.4583664000000001,-0.2291832000000001,1.0886202,79.64689158,0.8307891,-36.11354274
0.44,44,-0.016,-0.999,-0.136,0.11459160000000004,-0.057295800000000015,1.0313244,79.75575359999998,0.67609044,-36.10208358
0.45,45,-0.015,-0.998,-0.139,0.0,0.0,1.0313244,79.75002402,0.66463128,-36.096354
0.46,46,-0.017,-0.992,-0.141,0.057295800000000015,-0.286479,1.145916,79.75575359999998,0.65317212,-36.096354
0.47000000000000003,47,-0.02,-0.992,-0.13699999999999998,0.2291832000000001,-0.6875496,1.2605076000000002,79.75575359999998,0.64171296,-36.10208358
0.48000000000000004,48,-0.022,-0.995,-0.136,0.057295800000000015,-0.572958,1.3178034,79.75575359999998,0.62452422,-36.10781315999999
0.49,49,-0.019,-0.994,-0.135,0.0,-0.2291832000000001,1.145916,79.84169729999998,0.4984734599999999,-36.096354
0.5,50,-0.018000000000000002,-0.995,-0.134,0.1718874,-0.2291832000000001,1.0313244,79.84169729999998,0.4870143000000001,-36.096354
0.51,51,-0.015,-0.997,-0.132,0.2291832000000001,-0.4583664000000001,1.0886202,79.84742688,0.47555514,-36.10208358
0.52,52,-0.018000000000000002,-0.995,-0.133,0.286479,-0.8021411999999999,1.145916,79.84742688,0.46409598,-36.10781315999999
0.53,53,-0.02,-0.993,-0.132,0.286479,-0.9167328,1.3178034,79.85315646,0.4526368200000001,-36.11354274
0.54,54,-0.02,-0.996,-0.131,0.286479,-0.7448454000000001,1.3750992,79.91045226,0.37815228,-36.11354274
0.55,55,-0.019,-0.994,-0.131,0.4583664000000001,-0.7448454000000001,1.432395,79.91618184000002,0.36096354,-36.11927232
0.56,56,-0.017,-0.996,-0.13,0.3437748,-0.9167328,1.432395,79.91618184000002,0.3437748,-36.1250019
0.5700000000000001,57,-0.016,-0.998,-0.132,0.1718874,-0.7448454000000001,1.2605076000000002,79.92191142,0.33231564,-36.13073148
0.5800000000000001,58,-0.015,-0.996,-0.129,0.286479,-0.5156622000000001,1.2605076000000002,79.92191142,0.32085648,-36.13646106
0.59,59,-0.017,-0.992,-0.128,0.7448454000000001,-1.2032118,1.432395,79.96774806,0.26929026,-36.14792022
0.6,60,-0.022,-0.994,-0.133,1.0313244,-1.9480572,1.7188740000000002,79.97920722,0.25210152,-36.15937938
0.61,61,-0.025,-0.996,-0.134,0.8594370000000001,-2.1199446,1.7761698,79.9849368,0.2291832000000001,-36.18229770000001
0.62,62,-0.028,-0.998,-0.135,0.8594370000000001,-1.7761698,1.4896908000000002,79.99639596,0.21199446,-36.19375686
0.63,63,-0.029,-0.997,-0.131,0.9167328,-0.9167328,1.2605076000000002,80.00785512,0.20053530000000008,-36.19948644
0.64,64,-0.028,-0.997,-0.131,1.0313244,-0.11459160000000004,1.0313244,80.0708805,0.11459160000000004,-36.19375686
0.65,65,-0.026,-0.993,-0.128,1.2605076000000002,0.057295800000000015,1.0313244,80.08806924,0.10886202,-36.19375686
0.66,66,-0.026,-0.992,-0.127,1.3750992,-0.057295800000000015,0.9740286,80.09952840000003,0.09740286,-36.19375686
0.67,67,-0.025,-0.996,-0.126,1.2032118,0.0,1.0313244,80.11098756,0.0859437,-36.18802728
0.68,68,-0.025,-0.996,-0.128,1.0886202,0.057295800000000015,0.9740286,80.12244672,0.07448454,-36.18802728
0.6900000000000001,69,-0.026,-0.997,-0.13,1.2032118,0.057295800000000015,1.0313244,80.17974252,0.00572958,-36.17656812
0.7000000000000001,70,-0.027000000000000003,-0.996,-0.129,1.0886202,0.0,1.145916,80.19120168,0.0,-36.17656812
0.7100000000000001,71,-0.027000000000000003,-0.993,-0.127,0.9167328,0.0,1.2032118,80.20266084,-0.01145916,-36.17656812
0.72,72,-0.028,-0.994,-0.13,0.9167328,0.1718874,1.2032118,80.21412000000002,-0.02291832,-36.17083854
0.73,73,-0.031,-0.994,-0.127,0.8021411999999999,0.2291832000000001,1.2605076000000002,80.21984957999999,-0.03437748,-36.16510896000001
0.74,74,-0.034,-0.996,-0.127,0.7448454000000001,-0.1718874,1.2605076000000002,80.2714158,-0.12032118,-36.1536498
0.75,75,-0.042,-1.003,-0.127,0.1718874,-0.9167328,1.432395,80.2714158,-0.13750992,-36.16510896000001
0.76,76,-0.04,-1.01,-0.123,-0.5156622000000001,-0.11459160000000004,1.432395,80.26568621999998,-0.14896908,-36.15937938
0.77,77,-0.034,-1.007,-0.125,-0.6302538000000001,1.145916,1.3178034,80.25995664,-0.16042824,-36.14792022
0.78,78,-0.029,-1.0,-0.112,-0.6875496,2.291832,1.0886202,80.24849748,-0.1718874,-36.1250019
0.79,79,-0.025,-0.995,-0.098,-0.8594370000000001,2.9793816000000004,0.8594370000000001,80.3000637,-0.19480572,-36.10208358
0.8,80,-0.023,-0.999,-0.093,-1.3178034,2.578311,0.9167328,80.28860454,-0.20053530000000008,-36.07343568
0.81,81,-0.021,-1.008,-0.092,-2.3491278,1.8334656000000005,0.9740286,80.26568621999998,-0.20626488,-36.05624694
0.8200000000000001,82,-0.024,-1.018,-0.095,-3.4950437999999995,0.6302538000000001,0.9740286,80.22557916000002,-0.21772404,-36.05051736
0.8300000000000001,83,-0.03,-1.031,-0.106,-4.9847345999999995,-0.057295800000000015,0.9167328,80.17974252,-0.2291832000000001,-36.05051736
0.8400000000000001,84,-0.037000000000000005,-1.038,-0.114,-6.3025379999999975,0.11459160000000004,0.572958,80.13963546,-0.25783110000000004,-36.05051736
0.85,85,-0.044,-1.036,-0.117,-7.5057497999999985,1.4896908000000002,0.057295800000000015,80.06515092,-0.25210152,-36.03332862
0.86,86,-0.047,-1.035,-0.126,-8.479778399999999,3.6669312000000014,-0.4583664000000001,79.97920722,-0.24637194,-35.99895114
0.87,87,-0.048,-1.036,-0.131,-9.0527364,5.6149884000000005,-0.4583664000000001,79.88753394,-0.23491278,-35.94738492000001
0.88,88,-0.045,-1.035,-0.124,-9.568398599999998,6.417129599999999,-0.2291832000000001,79.7844015,-0.22345362,-35.88435954
0.89,89,-0.034,-1.027,-0.1,-10.313244,6.875496000000001,-0.057295800000000015,79.70418738,-0.21772404,-35.82133416
0.9,90,-0.03,-1.018,-0.08800000000000001,-11.4018642,4.8128472,0.4010706,79.5838662,-0.21772404,-35.77549752
0.91,91,-0.032,-1.014,-0.084,-13.2926256,2.291832,0.4010706,79.45208586,-0.21772404,-35.7525792
0.92,92,-0.031,-1.017,-0.092,-15.3552744,1.2605076000000002,-0.2291832000000001,79.29165762,-0.21772404,-35.74112004000001
0.93,93,-0.036000000000000004,-1.025,-0.109,-16.959556799999998,0.572958,-1.0313244,79.11977021999998,-0.20626488,-35.74112004000001
0.9400000000000001,94,-0.044,-1.034,-0.125,-18.334656,0.572958,-1.7188740000000002,78.94788281999998,-0.20053530000000008,-35.74112004000001
0.9500000000000001,95,-0.053,-1.039,-0.146,-19.2513888,1.8907613999999997,-2.2345362,78.74734751999998,-0.17761697999999998,-35.72966088
0.9600000000000001,96,-0.058,-1.041,-0.153,-19.938938399999998,3.724227,-2.578311,78.54681221999998,-0.14896908,-35.695283399999994
0.97,97,-0.055,-1.038,-0.145,-21.1421502,5.6722842,-2.578311,78.32908818,-0.11459160000000004,-35.64944676000001
0.98,98,-0.047,-1.023,-0.117,-23.032911600000002,7.7922288,-2.3491278,78.09417540000003,-0.08021412,-35.5806918
0.99,99,-0.031,-1.009,-0.114,-24.923673,8.9954406,-1.8907613999999997,77.85353303999999,-0.05156622,-35.50047768
1.0,100,-0.023,-0.999,-0.117,-25.3820394,8.136003599999999,-1.3178034,77.59570194,-0.028647900000000007,-35.42599314
1.01,101,-0.028,-1.009,-0.119,-26.9863218,6.0733548,-1.2032118,77.3206821,-0.00572958,-35.37442692000001
1.02,102,-0.04,-1.027,-0.139,-29.335449600000004,4.297185,-1.4896908000000002,77.02274394,0.01145916,-35.33431986
1.03,103,-0.047,-1.038,-0.162,-31.3980984,3.2085648,-2.1772404,76.70188746,0.03437748,-35.31140154000001
1.04,104,-0.052000000000000005,-1.041,-0.17800000000000002,-33.518043,2.5210152000000003,-3.151269,76.36957182,0.057295800000000015,-35.29994238
1.05,105,-0.048,-1.037,-0.17600000000000002,-35.4088044,2.0626488000000003,-4.010706000000001,76.00860828,0.09740286,-35.28848322
1.06,106,-0.04,-1.024,-0.153,-36.5547204,2.0053530000000004,-4.8701430000000006,75.63618558,0.14323950000000002,-35.28848322
1.07,107,-0.043,-1.011,-0.14300000000000002,-37.24227,2.6929026,-5.7868758000000025,75.2580333,0.20626488,-35.27702406
1.08,108,-0.049,-1.001,-0.149,-36.8411994,4.8701430000000006,-6.3025379999999975,74.87988102,0.26929026,-35.24837616
1.09,109,-0.056,-1.009,-0.142,-38.7319608,6.990087599999999,-6.2452422,74.50172874,0.33804522,-35.20253952
1.1,110,-0.052000000000000005,-1.022,-0.14400000000000002,-41.023792799999995,7.7349330000000025,-6.5317212,74.0834694,0.41252976,-35.1509733
1.11,111,-0.044,-1.041,-0.16899999999999998,-43.831287,7.1046792000000005,-7.1046792000000005,73.63656216000003,0.49274388,-35.10513666
1.12,112,-0.044,-1.0490000000000002,-0.193,-46.982556,6.3025379999999975,-7.6776372,73.16100702,0.5786875800000001,-35.07075918
1.1300000000000001,113,-0.048,-1.0490000000000002,-0.225,-49.61816279999999,5.7868758000000025,-8.193299399999999,72.65680397999998,0.66463128,-35.04211128
1.1400000000000001,114,-0.052000000000000005,-1.044,-0.241,-51.7381074,6.2452422,-8.479778399999999,72.13541219999998,0.75630456,-35.01346338
1.1500000000000001,115,-0.047,-1.041,-0.236,-54.25912260000001,7.9641161999999985,-8.880849000000003,71.58537251999998,0.8537074199999999,-34.96762674
1.1600000000000001,116,-0.042,-1.031,-0.219,-56.436363,9.568398599999998,-9.3965112,71.01241452000002,0.96256944,-34.91606052
1.17,117,-0.04,-1.023,-0.189,-58.67089920000001,10.4278356,-10.1986524,70.41653819999998,1.08289062,-34.85303514
1.18,118,-0.038,-1.018,-0.168,-60.50436480000001,11.0580894,-11.0580894,69.79774356,1.21467096,-34.79000976
1.19,119,-0.034,-1.009,-0.18600000000000005,-62.22323879999999,11.5737516,-11.688343199999998,69.17894892,1.35218088,-34.73271396
1.2,120,-0.026,-1.007,-0.225,-64.457775,12.032117999999999,-12.261301199999998,68.52577679999999,1.50114996,-34.66968858
1.21,121,-0.023,-1.02,-0.27,-68.2965936,11.8029348,-13.0061466,67.83249762,1.65011904,-34.61239278000001
1.22,122,-0.04,-1.019,-0.293,-71.79163740000001,13.407217200000002,-14.5531332,67.09911138,1.82200644,-34.54363782
1.23,123,-0.06,-0.999,-0.309,-73.338624,17.0741484,-15.870936600000002,66.35999556,2.02254174,-34.45769412
1.24,124,-0.069,-1.001,-0.298,-75.343977,24.9809688,-17.303331600000003,65.603691,2.2631841,-34.30299546
1.25,125,-0.08,-0.993,-0.269,-77.062851,33.5753388,-19.2513888,64.82446811999999,2.55539268,-34.08527142
1.26,126,-0.077,-1.0,-0.23,-78.32335859999998,40.10706,-19.480572,64.03378608,2.88197874,-33.81025158
1.27,127,-0.046,-0.971,-0.219,-80.7297822,42.4561878,-19.194093,63.22591529999999,3.22002396,-33.518043
1.28,128,0.0,-0.962,-0.231,-82.2767688,41.3102718,-18.907614000000002,62.40085577999999,3.5523396000000003,-33.23729358
1.29,129,0.051,-0.95,-0.28,-84.11023440000002,36.1536498,-18.048177,61.5643371,3.86173692,-33.00811038
1.3,130,0.059,-0.952,-0.31,-86.1728832,28.991674800000002,-16.7303736,60.69917052,4.1252976000000015,-32.836222979999995
1.31,131,0.06,-0.929,-0.336,-86.91772859999998,23.5485738,-16.042824000000003,59.82254478,4.36593996,-32.7159018
1.32,132,0.063,-0.924,-0.334,-87.26150340000002,20.454600600000006,-15.0687954,58.94018946,4.5836640000000015,-32.618498939999995
1.33,133,0.054000000000000006,-0.915,-0.349,-86.5739538,20.2827132,-15.0114996,58.06929330000001,4.79565846,-32.52682566
1.34,134,0.035,-0.8959999999999999,-0.34,-85.82910840000002,22.8037284,-14.8396122,57.215585880000006,5.02484166,-32.41796364
1.35,135,0.021,-0.912,-0.28300000000000003,-82.8497268,22.173474600000002,-13.8082878,56.3790672,5.2425657,-32.30910162
1.36,136,0.015,-0.966,-0.32,-84.68319240000002,23.3193906,-15.0687954,55.52535978000001,5.48320806,-32.20596918
1.37,137,0.048,-0.941,-0.389,-86.45936219999999,24.1788276,-15.3552744,54.65446362,5.72958,-32.09137758
1.3800000000000001,138,0.098,-0.975,-0.387,-85.77181259999998,23.032911600000002,-15.813640800000002,53.78929704,5.97022236,-31.9997043
1.3900000000000001,139,0.131,-1.021,-0.411,-84.62589659999998,22.86102420000001,-17.18874,52.94704878,6.22805346,-31.91949018
1.4000000000000001,140,0.163,-0.955,-0.53,-84.8550798,20.6837838,-15.5844576,52.09334136,6.462966239999997,-31.85073522
1.4100000000000001,141,0.166,-0.983,-0.573,-81.1308528,13.6364004,-13.5791046,51.26828184,6.63485364,-31.83354648000001
1.42,142,0.121,-1.031,-0.59,-81.7611066,12.318597,-14.5531332,50.43749274,6.812470620000001,-31.8278169
1.43,143,0.076,-0.954,-0.688,-81.2454444,14.7823164,-15.4125702,49.61243322,7.00727634,-31.81635774
1.44,144,0.069,-0.941,-0.8270000000000001,-81.7038108,16.272007199999994,-16.272007199999994,48.78164412,7.2192707999999985,-31.799169
1.45,145,0.1,-0.928,-0.933,-80.2714158,17.8762896,-16.558486199999994,47.96804376,7.448453999999999,-31.776250680000004
1.46,146,0.17800000000000002,-0.8420000000000001,-0.96,-75.4012728,21.8869956,-15.3552744,47.20600962,7.6890963600000015,-31.7132253
1.47,147,0.225,-0.7909999999999999,-0.96,-66.69231119999999,21.8869956,-13.0634424,46.53564876,7.9182795599999976,-31.64447034
1.48,148,0.266,-0.7390000000000001,-1.026,-59.4730404,17.7044022,-10.0840608,45.93404286,8.10162612,-31.58144496
1.49,149,0.278,-0.6970000000000001,-1.074,-54.08723520000001,13.5791046,-8.307891,45.3782736,8.250595200000001,-31.541337899999995
1.5,150,0.266,-0.727,-1.065,-47.2117392,10.5424272,-7.161975,44.90271846,8.3651868,-31.51841958
1.51,151,0.282,-0.743,-1.048,-39.820581,8.7662574,-7.0473834,44.49591828,8.46831924,-31.506960419999995
1.52,152,0.292,-0.718,-1.035,-32.486718599999996,5.0993262,-5.7868758000000025,44.16360264,8.542803780000002,-31.506960419999995
1.53,153,0.276,-0.693,-1.057,-24.1215318,-0.572958,-3.4950437999999995,43.91723070000001,8.55999252,-31.541337899999995
1.54,154,0.253,-0.6679999999999999,-1.065,-16.157415599999997,-4.9847345999999995,-2.8074942000000003,43.72242498,8.542803780000002,-31.592904120000004
1.55,155,0.227,-0.6779999999999999,-1.037,-7.2765666,-6.589017,-2.7501984,43.63648128,8.519885460000001,-31.66165908
1.56,156,0.201,-0.633,-1.01,-1.9480572,-8.880849000000003,-3.6669312000000014,43.60783338,8.479778399999999,-31.753332359999995
1.57,157,0.17800000000000002,-0.606,-0.966,4.6409598,-9.568398599999998,-5.042030400000002,43.63648128,8.451130500000001,-31.856464799999998
1.58,158,0.165,-0.583,-0.975,12.3758928,-11.8029348,-5.9014674000000005,43.745343299999995,8.41102344,-31.982515560000003
1.59,159,0.174,-0.56,-1.001,18.5065434,-13.980175199999998,-6.417129599999999,43.88285322,8.35945722,-32.12575506
1.6,160,0.17,-0.547,-0.969,26.0122932,-14.152062599999999,-5.958763200000001,44.12349558,8.307891,-32.26899456
1.61,161,0.208,-0.557,-0.923,33.1742682,-15.0687954,-4.7555514,44.44435206,8.23913604,-32.41223406
1.62,162,0.243,-0.574,-0.89,40.7946096,-19.0795014,-2.2345362,44.83969308,8.13027402,-32.56693272
1.6300000000000001,163,0.252,-0.565,-0.8540000000000001,47.4409224,-22.7464326,-0.6302538000000001,45.29805948,7.987034519999999,-32.73309054
1.6400000000000001,164,0.251,-0.584,-0.831,52.7694318,-26.2414764,0.0,45.79653294000001,7.82660628,-32.922166680000004
1.6500000000000001,165,0.23,-0.61,-0.785,57.52498320000001,-28.762491600000004,-0.057295800000000015,46.35803177999999,7.64325972,-33.13416114
1.6600000000000001,166,0.214,-0.628,-0.772,62.16594300000001,-31.79916900000001,-1.2032118,46.95963768,7.45418358,-33.38053308
1.6700000000000002,167,0.214,-0.624,-0.7490000000000001,65.7182826,-35.0077338,-2.291832,47.59562106,7.25364828,-33.65555292
1.68,168,0.187,-0.624,-0.705,70.5311298,-37.3568616,-2.2345362,48.27744108,7.03592424,-33.953491080000006
1.69,169,0.175,-0.63,-0.698,74.771019,-40.90920120000001,-1.7188740000000002,48.99936816,6.80674104,-34.27434756
1.7,170,0.158,-0.62,-0.701,78.7244292,-44.5761324,-1.6042823999999998,49.7614023,6.54890994,-34.62958152
1.71,171,0.127,-0.614,-0.723,82.5632478,-48.529542600000006,-1.2032118,50.5635435,6.2738901,-35.01346338
1.72,172,0.09,-0.623,-0.698,85.65722099999998,-51.0505578,-1.7188740000000002,51.39433260000001,5.9931406800000016,-35.42026356
1.73,173,0.052000000000000005,-0.643,-0.635,89.66792699999998,-51.10785360000001,-1.6615782,52.27095833999999,5.71812084,-35.8385229
1.74,174,0.022,-0.633,-0.5710000000000001,93.2202666,-51.9099948,-2.0053530000000004,53.17623198,5.443101,-36.26251182
1.75,175,0.028,-0.612,-0.507,96.7153104,-53.34238979999999,-2.4064236,54.12161268,5.17381074,-36.70941906
1.76,176,0.048,-0.612,-0.469,99.2363256,-51.56622,-2.86479,55.10137086000001,4.9274388,-37.14486714
1.77,177,0.098,-0.635,-0.472,100.4395374,-48.529542600000006,-2.4637194,56.0925882,4.6982555999999995,-37.5573969
1.78,178,0.091,-0.65,-0.443,101.2989744,-48.3003594,-0.286479,57.0952647,4.46334282,-37.96419708000001
1.79,179,0.078,-0.6709999999999999,-0.467,100.7833122,-48.8733174,2.9220857999999996,58.09221162,4.20551172,-38.3595381
1.8,180,0.056,-0.6729999999999999,-0.443,100.2103542,-49.1025006,5.7868758000000025,59.08342895999999,3.93049188,-38.74341996
1.81,181,0.0,-0.659,-0.401,100.7833122,-47.841993,8.4224826,60.09183504,3.6382833,-39.11011308
1.82,182,-0.03,-0.659,-0.38,100.26765,-47.4409224,10.1413566,61.09451154,3.34607472,-39.47107662000001
1.83,183,-0.04,-0.664,-0.35600000000000004,98.8925508,-45.9512316,10.5424272,62.08572888,3.05959572,-39.820581
1.84,184,-0.056,-0.6679999999999999,-0.326,96.829902,-42.28430039999999,10.0840608,63.05402790000001,2.79603504,-40.14716706
1.85,185,-0.064,-0.66,-0.301,94.3661826,-36.6120162,9.453807000000001,64.00513817999999,2.57258142,-40.42791648
1.86,186,-0.045,-0.636,-0.301,92.4181254,-30.4813656,8.9381448,64.93905972,2.3777757,-40.65709968
1.87,187,-0.02,-0.624,-0.336,90.2981808,-25.6112226,7.9641161999999985,65.85006294,2.21734746,-40.8519054
1.8800000000000001,188,-0.03,-0.595,-0.327,89.09496899999998,-23.376686399999997,7.7922288,66.749607,2.06837838,-41.02952238
1.8900000000000001,189,-0.068,-0.5589999999999999,-0.365,89.7825186,-20.2827132,8.3651868,67.64915106,1.92513888,-41.17276188
1.9000000000000001,190,-0.085,-0.552,-0.404,92.1889422,-20.454600600000006,9.740286,68.58307260000001,1.7761698,-41.32173096
1.9100000000000001,191,-0.102,-0.5670000000000001,-0.4,91.9024632,-19.938938399999998,10.5424272,69.51699414,1.62147114,-41.46497046
1.9200000000000002,192,-0.117,-0.574,-0.318,92.0743506,-15.870936600000002,10.1413566,70.45091568,1.4896908000000002,-41.57383248
1.93,193,-0.105,-0.574,-0.262,91.4440968,-13.5791046,8.651665800000002,71.37910764,1.3750992,-41.66550576
1.94,194,-0.063,-0.5589999999999999,-0.249,90.8711388,-9.9121734,5.6149884000000005,72.29584044,1.30061466,-41.73426072
1.95,195,-0.027000000000000003,-0.555,-0.239,88.8657858,-6.4744254,3.380452200000001,73.1953845,1.2605076000000002,-41.77436778
1.96,196,-0.01,-0.541,-0.226,85.7145168,-5.5003968,2.0626488000000003,74.06628065999998,1.23758928,-41.81447484
1.97,197,-0.014,-0.5329999999999999,-0.181,85.1415588,-6.0733548,2.291832,74.93144724,1.20894138,-41.86031148
1.98,198,-0.006999999999999999,-0.547,-0.207,83.4226848,-5.0993262,3.5523396000000003,75.77942508000002,1.1745638999999999,-41.89468896
1.99,199,0.006999999999999999,-0.544,-0.285,80.78707800000002,-6.3025379999999975,4.3544808,76.58729586000003,1.12872726,-41.93479602
2.0,200,-0.006,-0.518,-0.285,79.46927459999998,-7.7349330000000025,4.5263682,77.38943706,1.07716104,-41.99209182
2.01,201,-0.031,-0.499,-0.257,78.32335859999998,-7.8495246,4.6982556,78.18584868,1.0255948199999998,-42.04938762000001
2.02,202,-0.037000000000000005,-0.473,-0.205,75.1147938,-7.3911582,3.8961144,78.94788281999998,0.97975818,-42.10668342
2.03,203,-0.039,-0.446,-0.154,71.5051584,-5.0993262,2.8074942000000003,79.67553948,0.95111028,-42.14679048
2.04,204,-0.038,-0.447,-0.131,67.49445240000001,-3.7815227999999994,2.291832,80.3573595,0.92819196,-42.1697088
2.05,205,-0.029,-0.475,-0.094,61.9367598,-2.291832,2.5210152000000003,80.98761329999998,0.90527364,-42.18689754
2.0599999999999996,206,-0.015,-0.495,-0.036000000000000004,53.456981400000004,-1.4896908000000002,2.86479,81.52619381999997,0.8823553199999999,-42.18689754
2.07,207,-0.012,-0.505,0.022,42.685371,-6.6463128000000005,2.86479,81.96164189999998,0.8479778399999999,-42.24419334
2.0799999999999996,208,-0.051,-0.4970000000000001,-0.044,36.2682414,-11.917526400000002,2.4637194,82.32833502,0.8136003599999999,-42.35878494
2.09,209,-0.09,-0.501,-0.154,35.809875,-12.834259199999998,2.0626488000000003,82.68356897999998,0.7734933,-42.47337654
2.0999999999999996,210,-0.102,-0.529,-0.179,28.991674800000002,-8.9381448,-0.057295800000000015,82.98150714,0.76776372,-42.55932024
2.11,211,-0.111,-0.506,-0.28600000000000003,24.4080108,-1.145916,-2.7501984,83.22787908000002,0.79641162,-42.5707794
2.1199999999999997,212,-0.083,-0.472,-0.335,24.2934192,10.6570188,-4.5263682,83.47425102000003,0.8537074199999999,-42.46764696
2.13,213,-0.006,-0.399,-0.26,20.7410796,23.5485738,-4.8701430000000006,83.68624548,0.92246238,-42.23846376
2.1399999999999997,214,0.069,-0.33,-0.172,20.1108258,27.5592798,-1.5469866,83.8810512,0.96829902,-41.9691735
2.15,215,0.102,-0.257,-0.16,18.8503182,20.626488,2.2345362,84.07012734,0.96829902,-41.75717904
2.1599999999999997,216,0.115,-0.172,-0.213,15.756345000000001,8.479778399999999,6.589017,84.23055558,0.91100322,-41.66550576
2.17,217,0.064,-0.127,-0.258,11.516455800000001,-6.0733548,8.880849000000003,84.35087675999998,0.8193299399999999,-41.71707198
2.1799999999999997,218,-0.024,-0.07,-0.269,13.2926256,-12.0894138,8.193299399999999,84.48838668,0.72765666,-41.825934000000004
2.19,219,-0.07200000000000001,-0.025,-0.24,19.308684600000007,-2.6929026,4.9274388,84.66027408,0.6703608600000001,-41.84312274
2.1999999999999997,220,-0.065,0.037000000000000005,-0.231,21.3140376,9.2819196,1.145916,84.87799812,0.6703608600000001,-41.74571988
2.21,221,-0.027000000000000003,0.145,-0.158,24.2934192,15.4125702,-1.432395,85.12437006,0.69327918,-41.59102122
2.2199999999999998,222,-0.002,0.249,-0.24,26.814434400000003,13.750992000000002,-1.3178034,85.39366032000002,0.7161975,-41.4535113
2.23,223,-0.021,0.214,-0.467,24.1788276,1.8907613999999997,-0.4583664000000001,85.64003226,0.72765666,-41.43632256
2.2399999999999998,224,0.014,-0.087,-0.47,24.7517856,-7.3911582,-0.6302538000000001,85.85775629999998,0.73338624,-41.49934794
2.25,225,0.165,-1.821,-0.4,30.93973200000001,7.161975,14.152062599999999,86.17288319999999,0.6016058999999999,-41.41913382
2.26,226,0.073,-3.834,0.531,52.597544400000004,32.830493399999995,52.6548402,86.70573413999998,0.09167328,-41.0524407
2.27,227,-0.07200000000000001,-3.999,0.8340000000000001,56.0352924,32.142943800000005,62.5670136,87.26723297999996,-0.5099326200000001,-40.70293632
2.28,228,-0.324,-3.112,0.319,40.04976420000001,11.229976800000001,40.5654264,87.67403316,-0.90527364,-40.5654264
2.29,229,-0.193,-3.107,0.392,176.87213459999995,8.880849000000003,-4.010706000000001,89.46166212,-0.8537074199999999,-40.46229396
2.3,230,-0.441,-3.417,0.65,175.49703540000004,-6.4744254,-17.9335854,91.2435615,-0.6589017,-40.50240102
2.31,231,-0.425,-2.567,1.016,147.47938919999999,-9.5111028,0.9740286,92.74471146,-0.64744254,-40.57688556
2.32,232,-0.272,-2.0,0.805,150.401475,16.157415599999997,16.4438946,94.26877974,-0.8136003599999999,-40.41072774
2.3299999999999996,233,-0.25,-2.016,0.575,130.8063114,31.971056400000002,22.91832,95.58658314,-1.07143146,-40.10133042
2.34,234,-0.122,-2.045,0.562,106.856667,26.0122932,16.501190400000002,96.66374418,-1.2605076000000002,-39.85495848000001
2.3499999999999996,235,-0.016,-1.926,0.552,94.5953658,20.2254174,4.1825934,97.61485446,-1.32353298,-39.6486936
2.36,236,0.057,-1.699,0.393,92.4181254,17.18874,-2.6929026,98.548776,-1.32353298,-39.46534704
2.3699999999999997,237,0.103,-1.366,0.305,89.66792699999998,15.6990492,-1.7761698,99.45404964,-1.32926256,-39.29918922
2.38,238,0.057,-1.035,0.31,88.52201099999998,16.7876694,5.2712136,100.34213454,-1.40947668,-39.1330314
2.3899999999999997,239,0.039,-0.868,0.273,90.0117018,13.407217200000002,13.9228794,101.25886734,-1.56417534,-39.018439799999996
2.4,240,-0.001,-0.757,0.253,75.63045600000002,6.875496000000001,13.0061466,102.02663106,-1.70168526,-38.97260316
2.4099999999999997,241,-0.039,-0.968,0.506,39.877876799999996,-7.448453999999999,-3.7815227999999994,102.43343124,-1.64438946,-39.02989896
2.42,242,-0.129,-0.758,0.373,-33.1742682,-16.902261,-19.595163600000006,102.1011156,-1.41520626,-39.15594972
2.4299999999999997,243,-0.119,0.405,0.536,70.4165382,-22.2880662,3.6669312000000014,102.82304268,-1.39228794,-39.36794418
2.44,244,-0.097,-0.354,0.312,97.40286,-10.255948199999999,21.199446,103.80280086,-1.5756344999999998,-39.49972452
2.4499999999999997,245,0.038,-1.12,0.152,71.5051584,3.724227,5.3858052,104.52472794,-1.6329303,-39.46534704
2.46,246,0.068,-1.009,0.181,29.4500412,9.1100322,-4.583664,104.82266610000002,-1.6157415599999996,-39.3622146
2.4699999999999998,247,-0.067,-0.508,0.018000000000000002,5.5576926,1.2032118,-1.5469866,104.87996189999998,-1.6042824000000002,-39.34502586
2.48,248,-0.194,-0.306,-0.044,-4.7555514,-12.0894138,-2.0053530000000004,104.83412526,-1.5469866,-39.45961746
2.4899999999999998,249,-0.217,-0.231,-0.132,-18.334656,-16.4438946,-5.1566220000000005,104.63931954000002,-1.47250206,-39.59712738
2.5,250,-0.197,-0.235,-0.094,1.6615782,-8.4224826,-3.4950437999999995,104.65650827999998,-1.41520626,-39.66588234
2.51,251,-0.09,-0.494,0.263,-5.5576926,3.5523396000000003,-4.2398892,104.59921248,-1.38082878,-39.62004570000001
2.52,252,-0.024,-0.853,0.476,-18.449247600000003,8.9954406,-12.0894138,104.41013633999998,-1.29488508,-39.51118368
2.53,253,0.097,-1.159,0.754,-48.529542600000006,13.0061466,-23.6631654,103.90593330000002,-1.10007936,-39.3335667
2.54,254,0.172,-1.783,0.985,-63.1972674,13.9228794,-25.78311,103.26422034,-0.89381448,-39.15022014
2.55,255,0.029,-0.838,0.773,-46.9252602,-3.8388186,-18.2200644,102.7886652,-0.70473834,-39.15022014
2.56,256,-0.092,-1.0,0.758,-38.3308902,-14.0947668,-8.8235532,102.39905376,-0.59014674,-39.27054132
2.57,257,-0.187,-1.043,0.914,-51.4516284,-13.2926256,-6.8182002000000015,101.88339156,-0.49274388,-39.3908625
2.5799999999999996,258,-0.196,-1.096,0.877,-30.7678446,-6.417129599999999,-3.6669312000000014,101.56826466,-0.44690724,-39.4481583
2.59,259,-0.214,-1.142,0.8809999999999999,-16.1001198,-4.1825934,1.2032118,101.43075474,-0.4583664000000001,-39.49972452
2.5999999999999996,260,-0.204,-1.193,0.8959999999999999,-10.1413566,-0.4010706,3.2085648,101.3276223,-0.4870143000000001,-39.51118368
2.61,261,-0.11,-1.09,0.8270000000000001,-1.4896908000000002,0.9167328,4.8128472,101.31616314,-0.53858052,-39.51118368
2.6199999999999997,262,-0.139,-1.037,0.7170000000000001,7.7349330000000025,5.72958,6.589017,101.39064768,-0.61306506,-39.46534704
2.63,263,-0.068,-1.1840000000000002,0.629,8.880849000000003,7.6776372,7.333862400000001,101.48232096,-0.70473834,-39.408051240000006
2.6399999999999997,264,-0.004,-1.118,0.62,9.3392154,0.0,8.9954406,101.61983088,-0.7849524600000001,-39.43096956
2.65,265,-0.034,-1.028,0.482,10.9434978,-11.1153852,8.7662574,101.73442248,-0.8479778399999999,-39.55702032
2.6599999999999997,266,-0.027000000000000003,-0.996,0.386,19.938938399999998,-12.6623718,10.9434978,101.94068736,-0.92246238,-39.70025982
2.67,267,0.04,-0.847,0.32299999999999995,19.8243468,-11.917526400000002,13.5791046,102.14695224,-1.0255948199999998,-39.83776974
2.6799999999999997,268,0.028,-0.993,0.28600000000000003,18.8503182,-12.318597,11.5737516,102.34175796,-1.10580894,-39.98100924
2.69,269,0.019,-1.055,0.232,-0.8594370000000001,-13.178034,7.906820400000001,102.32456922,-1.13445684,-40.12424874
2.6999999999999997,270,0.03,-0.83,0.218,15.870936600000002,-15.4125702,6.1879464,102.49072704,-1.1573751600000002,-40.28467698
2.71,271,-0.011,-0.884,0.207,10.8289062,-15.4125702,4.5263682,102.60531864,-1.16310474,-40.43937564
2.7199999999999998,272,-0.059,-0.974,0.183,-6.4744254,-12.834259199999998,1.2605076000000002,102.54229326,-1.1459160000000002,-40.5654264
2.73,273,-0.091,-0.933,0.217,-14.32395,-8.651665800000002,-0.9167328,102.39905376,-1.11153852,-40.6513701
2.7399999999999998,274,-0.079,-0.883,0.244,-8.250595200000001,-5.0993262,-2.8074942000000003,102.3302988,-1.09434978,-40.69147716
2.75,275,-0.025,-0.942,0.241,-10.3705398,-6.4744254,-4.5263682,102.22716635999998,-1.0313244,-40.74877296
2.76,276,0.018000000000000002,-0.946,0.231,-13.980175199999998,-9.568398599999998,-5.1566220000000005,102.08392686,-0.96256944,-40.82898708000001
2.77,277,0.025,-0.937,0.221,-18.7357266,-11.6310474,-6.130650599999999,101.9005803,-0.87662574,-40.93211952
2.78,278,-0.011,-0.96,0.227,-23.4339822,-10.0840608,-6.875496000000001,101.66566752,-0.7849524600000001,-41.01806322
2.79,279,-0.051,-1.004,0.226,-26.2414764,-3.0939732,-6.417129599999999,101.39637726,-0.72765666,-41.03525196
2.8,280,-0.07400000000000001,-1.019,0.202,-27.6738714,2.6356068,-4.9847345999999995,101.11562784,-0.6875496,-41.00660406
2.81,281,-0.09,-1.028,0.21,-25.9549974,5.1566220000000005,-3.4950437999999995,100.84633758,-0.66463128,-40.94930826
2.82,282,-0.098,-1.056,0.223,-23.204799,3.0939732,-0.572958,100.6114248,-0.6703608600000001,-40.92066036
2.8299999999999996,283,-0.08800000000000001,-1.098,0.232,-22.2307704,0.286479,0.1718874,100.38797118,-0.6703608600000001,-40.92066036
2.84,284,-0.066,-1.121,0.242,-22.345362,-3.0366774,-1.2605076000000002,100.16451756,-0.6589017,-40.94930826
2.8499999999999996,285,-0.047,-1.084,0.236,-22.86102420000001,-5.5576926,-3.151269,99.93533436,-0.61879464,-41.00087448
2.86,286,-0.034,-1.039,0.232,-22.4026578,-6.4744254,-4.5263682,99.70615116,-0.56722842,-41.06389986
2.8699999999999997,287,-0.036000000000000004,-1.023,0.247,-24.5226024,-6.2452422,-4.9847345999999995,99.45977922,-0.5042030399999999,-41.11546608
2.88,288,-0.054000000000000006,-1.004,0.262,-26.298772200000002,-6.016058999999999,-4.4117766,99.19048896,-0.4526368200000001,-41.17276188
2.8899999999999997,289,-0.08199999999999999,-0.984,0.249,-26.69984280000001,-5.958763200000001,-2.6929026,98.93838744,-0.43544808,-41.23005768
2.9,290,-0.08199999999999999,-0.975,0.222,-28.8770832,-2.9793816000000004,-0.572958,98.64617886,-0.42398892,-41.25870558
2.9099999999999997,291,-0.075,-0.98,0.213,-29.335449600000004,-0.4010706,1.0313244,98.3482407,-0.43544808,-41.27016474
2.92,292,-0.08,-0.987,0.208,-30.8824362,0.7448454000000001,1.8334656000000005,98.0331138,-0.4583664000000001,-41.27016474
2.9299999999999997,293,-0.084,-0.984,0.179,-31.79916900000001,3.0366774,1.7188740000000002,97.71225732,-0.48128472,-41.24724642
2.94,294,-0.086,-0.979,0.168,-30.8251404,6.760904399999999,1.0886202,97.39713042,-0.52139178,-41.18422104
2.9499999999999997,295,-0.08,-0.978,0.162,-30.080295,10.8289062,0.11459160000000004,97.09346268,-0.53858052,-41.0810886
2.96,296,-0.069,-0.978,0.162,-28.81978740000001,14.32395,-0.9167328,96.79552452,-0.55576926,-40.94357868
2.9699999999999998,297,-0.055,-0.988,0.189,-29.220858000000003,15.6417534,-1.6042823999999998,96.49758636,-0.56149884,-40.78888002
2.98,298,-0.055,-0.982,0.174,-32.085648000000006,13.2353298,-1.2605076000000002,96.16527072,-0.56722842,-40.66282926
2.9899999999999998,299,-0.049,-0.976,0.14800000000000002,-32.7731976,12.891555,-0.4010706,95.83295508,-0.59014674,-40.5367785
3.0,300,-0.041,-0.981,0.135,-33.518043,14.495837400000001,-0.286479,95.48918028,-0.6073354799999999,-40.39926858
3.01,301,-0.029,-0.999,0.115,-34.1482968,14.2093584,-1.2032118,95.1396759,-0.61306506,-40.26175866
3.02,302,-0.03,-1.014,0.106,-33.8618178,11.45916,-2.2345362,94.7959011,-0.6073354799999999,-40.15289664
3.03,303,-0.038,-1.015,0.096,-33.9191136,9.3965112,-2.578311,94.44639672,-0.59587632,-40.06122336
3.04,304,-0.051,-1.005,0.099,-33.3461556,9.2819196,-2.4064236,94.1083515,-0.59014674,-39.96955008
3.05,305,-0.057,-1.004,0.096,-31.51269000000001,10.4278356,-2.0626488000000003,93.78749502,-0.5786875800000001,-39.87214722
3.06,306,-0.06,-1.019,0.11,-30.7678446,13.349921400000001,-2.3491278,93.47236812,-0.5729580000000001,-39.74036688
3.07,307,-0.047,-1.029,0.131,-30.4813656,14.266654199999998,-2.7501984,93.15724122,-0.55576926,-39.60285696
3.08,308,-0.028,-1.034,0.124,-30.5959572,11.8029348,-2.291832,92.84211432,-0.5443101,-39.48826536
3.09,309,-0.02,-1.034,0.1,-32.486718599999996,8.136003599999999,-1.7188740000000002,92.51552826,-0.53858052,-39.41378082
3.0999999999999996,310,-0.022,-1.033,0.091,-35.5806918,7.2765666,-1.7188740000000002,92.15456472,-0.52712136,-39.34502586
3.11,311,-0.028,-1.041,0.068,-36.898495200000006,9.1100322,-2.1199446,91.77641244,-0.5156622000000001,-39.25908216000001
3.1199999999999997,312,-0.044,-1.05,0.05,-35.46610020000001,10.9434978,-2.578311,91.4154489,-0.4984734599999999,-39.15022014
3.13,313,-0.077,-1.05,0.022,-34.8931422,11.5737516,-3.151269,91.06021494,-0.47555514,-39.04135812
3.1399999999999997,314,-0.112,-1.043,0.021,-35.695283399999994,14.32395,-4.010706000000001,90.69352182,-0.4583664000000001,-38.89811862
3.15,315,-0.126,-1.025,0.032,-35.17962120000001,20.1108258,-4.4117766,90.3268287,-0.42398892,-38.70331289999999
3.1599999999999997,316,-0.099,-0.999,0.027000000000000003,-33.518043,25.9549974,-5.3285094000000015,89.98305390000002,-0.38388186,-38.45121138
3.17,317,-0.055,-1.001,0.034,-33.002380800000005,28.074942,-6.6463128000000005,89.64500868,-0.32658606,-38.17619154000001
3.1799999999999997,318,-0.056,-1.01,0.078,-33.5753388,23.14750320000001,-6.6463128000000005,89.29550429999998,-0.26929026,-37.95273792
3.19,319,-0.062,-1.028,0.092,-37.7006364,18.8503182,-6.2452422,88.9230816,-0.21772404,-37.76939136
3.1999999999999997,320,-0.055,-1.032,0.07200000000000001,-41.19568020000001,18.3919518,-7.0473834,88.49909268,-0.14896908,-37.59750396
3.21,321,-0.049,-1.023,0.0,-41.825934,17.9335854,-8.3651868,88.07510376,-0.06875496,-37.42561656
3.2199999999999998,322,-0.054000000000000006,-1.015,-0.032,-42.1697088,15.0114996,-9.797581800000001,87.64538526,0.01718874,-37.28237706
3.23,323,-0.047,-1.012,-0.013,-41.825934,15.183387000000002,-10.9434978,87.21566676,0.12605075999999998,-37.14486714
3.2399999999999998,324,-0.044,-0.975,0.02,-34.8931422,15.527161800000002,-10.8289062,86.87189196,0.22345362,-36.99589806
3.25,325,-0.059,-0.968,0.031,-26.1841806,11.516455800000001,-9.8548776,86.60260170000002,0.32658606,-36.89276562
3.26,326,-0.053,-0.994,0.033,-28.361421000000004,10.9434978,-9.6829902,86.31612270000002,0.42398892,-36.79536276
3.27,327,-0.059,-0.984,0.084,-27.6738714,9.6256944,-9.740286,86.03537328,0.52139178,-36.70941906
3.28,328,-0.077,-1.011,0.032,-27.7311672,6.760904399999999,-9.740286,85.74889427999999,0.61879464,-36.65212326
3.29,329,-0.08900000000000001,-1.046,0.002,-33.2888598,4.9274388,-10.1413566,85.42230822,0.69900876,-36.6120162
3.3,330,-0.096,-1.0490000000000002,0.008,-36.2682414,5.7868758000000025,-11.2872726,85.0556151,0.8136003599999999,-36.56617956
3.31,331,-0.08900000000000001,-1.03,0.019,-35.7525792,8.7662574,-11.8602306,84.69465156,0.93392154,-36.49169502
3.32,332,-0.076,-1.008,0.012,-36.03905820000001,10.026765,-11.0007936,84.32795844,1.04278356,-36.40575132
3.33,333,-0.062,-0.991,-0.013,-36.1536498,9.224623800000002,-9.1100322,83.96126532,1.14018642,-36.33126678
3.34,334,-0.055,-0.983,-0.019,-34.8931422,8.3651868,-6.589017,83.61749052,1.19175264,-36.25678224
3.3499999999999996,335,-0.05,-0.979,-0.04,-33.6899304,8.136003599999999,-4.2398892,83.27371572000001,1.23758928,-36.18229770000001
3.36,336,-0.048,-0.979,-0.06,-33.5753388,8.136003599999999,-2.9793816000000004,82.9356705,1.27196676,-36.11354274
3.3699999999999997,337,-0.043,-0.979,-0.043,-33.804522,7.448453999999999,-2.5210152000000003,82.59189570000002,1.30061466,-36.04478778
3.38,338,-0.04,-0.962,-0.039,-33.3461556,6.990087599999999,-2.8074942000000003,82.25385048,1.3349921400000002,-35.9817624
3.3899999999999997,339,-0.03,-0.947,-0.065,-31.913760600000003,6.8182002000000015,-3.4950437999999995,81.93872358,1.36364004,-35.9244666
3.4,340,-0.019,-0.95,-0.084,-31.3980984,5.9014674000000005,-4.1825934,81.6178671,1.40947668,-35.87290038
3.4099999999999997,341,-0.005,-0.949,-0.073,-30.5959572,5.3858052,-4.9274388,81.30846978000002,1.4610428999999998,-35.83279331999999
3.42,342,0.009000000000000001,-0.943,-0.08199999999999999,-28.5333084,4.2398892,-5.6149884000000005,81.0162612,1.5183387000000002,-35.79841584000001
3.4299999999999997,343,0.02,-0.942,-0.115,-26.2414764,2.4637194,-6.0733548,80.75270051999998,1.5813640800000002,-35.78695668
3.44,344,0.026,-0.942,-0.142,-24.4653066,1.6615782,-6.016058999999999,80.500599,1.6386598799999998,-35.7812271
3.4499999999999997,345,0.03,-0.951,-0.15,-22.2880662,1.432395,-5.3858052,80.2714158,1.6902260999999998,-35.7812271
3.46,346,0.026,-0.967,-0.154,-21.3713334,1.145916,-4.8128472,80.05369175999998,1.74179232,-35.7812271
3.4699999999999998,347,0.014,-0.962,-0.159,-21.199446,0.8594370000000001,-5.0993262,79.84169729999998,1.78762896,-35.7812271
3.48,348,0.001,-0.955,-0.172,-20.3973048,1.0886202,-5.9014674000000005,79.63543242,1.84492476,-35.7812271
3.4899999999999998,349,-0.002,-0.954,-0.181,-19.4232762,1.2032118,-6.3598338,79.42916754,1.89649098,-35.7812271
3.5,350,0.003,-0.959,-0.17800000000000002,-18.9649098,1.9480572,-6.4744254,79.23436182,1.96524594,-35.77549752
3.51,351,0.016,-0.957,-0.17800000000000002,-18.5638392,2.0626488000000003,-6.4744254,79.04528567999998,2.02827132,-35.76976794
3.52,352,0.025,-0.951,-0.191,-17.589810600000003,0.9167328,-6.3025379999999975,78.86766870000002,2.0912967,-35.76976794
3.53,353,0.032,-0.95,-0.197,-16.7876694,-0.4583664000000001,-6.016058999999999,78.6957813,2.14286292,-35.79268626
3.54,354,0.037000000000000005,-0.951,-0.198,-15.9282324,-1.8907613999999997,-5.3285094000000015,78.51816432000003,2.19442914,-35.82133416
3.55,355,0.042,-0.954,-0.204,-15.4125702,-2.4637194,-4.7555514,78.36346566,2.2345362,-35.85571164
3.56,356,0.04,-0.957,-0.207,-14.896907999999998,-3.2085648,-4.3544808,78.20876700000002,2.26891368,-35.89581869999999
3.57,357,0.031,-0.96,-0.199,-14.4385416,-3.4377480000000005,-3.9534102,78.05979792000002,2.30329116,-35.94165534
3.58,358,0.017,-0.961,-0.185,-14.610429000000002,-3.6096354,-3.5523396000000003,77.91082884,2.33193906,-35.9817624
3.59,359,-0.005,-0.956,-0.191,-14.152062599999999,-4.1252976000000015,-3.151269,77.76185976,2.32620948,-36.02759904
3.5999999999999996,360,-0.029,-0.957,-0.203,-12.7196676,-3.6669312000000014,-2.6356068,77.63007941999999,2.34339822,-36.067706099999995
3.61,361,-0.04,-0.966,-0.198,-12.032117999999999,-2.6356068,-2.4064236,77.50402865999997,2.36631654,-36.10208358
3.6199999999999997,362,-0.043,-0.97,-0.183,-11.745639,-1.145916,-2.0626488000000003,77.38370748,2.3777757,-36.11927232
3.63,363,-0.037000000000000005,-0.962,-0.193,-9.969469199999999,-0.1718874,-1.9480572,77.28630462,2.39496444,-36.1250019
3.6399999999999997,364,-0.014,-0.963,-0.212,-8.250595200000001,0.0,-1.4896908000000002,77.18317218,2.37204612,-36.11927232
3.65,365,0.005,-0.963,-0.206,-6.990087599999999,-0.6875496,-0.8021411999999999,77.11441721999998,2.3777757,-36.13073148
3.6599999999999997,366,0.019,-0.966,-0.2,-5.9014674000000005,-0.8594370000000001,-0.11459160000000004,77.05139184,2.3777757,-36.14219064
3.67,367,0.028,-0.965,-0.191,-5.5003968,-0.9167328,0.11459160000000004,76.99409604,2.37204612,-36.14792022
3.6799999999999997,368,0.039,-0.964,-0.189,-4.8128472,-1.0313244,0.1718874,76.9482594,2.36631654,-36.15937938
3.69,369,0.041,-0.963,-0.18600000000000005,-4.6409598,-2.3491278,0.11459160000000004,76.91388192,2.36631654,-36.18802728
3.6999999999999997,370,0.034,-0.958,-0.194,-4.2398892,-5.042030400000002,0.2291832000000001,76.86804528,2.35485738,-36.23386392
3.71,371,0.024,-0.961,-0.198,-4.0680017999999984,-6.1879464,0.286479,76.82220864,2.3376686399999995,-36.2968893
3.7199999999999998,372,0.016,-0.965,-0.197,-3.9534102,-6.3025379999999975,0.1718874,76.78210157999997,2.3204799,-36.3541851
3.73,373,0.006999999999999999,-0.965,-0.205,-3.2658606,-6.417129599999999,-0.11459160000000004,76.7477241,2.30902074,-36.41721048
3.7399999999999998,374,0.0,-0.965,-0.213,-2.9220857999999996,-6.3025379999999975,-0.6875496,76.70188746,2.2746432600000004,-36.47450628
3.75,375,0.0,-0.976,-0.212,-2.86479,-4.583664,-1.432395,76.67323956,2.2746432600000004,-36.5260725
3.76,376,-0.004,-0.984,-0.201,-3.6096354,-2.6929026,-1.4896908000000002,76.6331325,2.28610242,-36.554720399999994
3.77,377,-0.005,-0.984,-0.195,-4.1252976000000015,-1.5469866,-1.145916,76.59302543999998,2.2918320000000003,-36.57190914
3.78,378,0.006,-0.981,-0.207,-3.9534102,-1.8907613999999997,-0.1718874,76.55291838000002,2.2918320000000003,-36.59482746
3.79,379,0.019,-0.983,-0.22,-3.724227,-2.9220857999999996,0.286479,76.49562258,2.26891368,-36.61774578
3.8,380,0.027000000000000003,-0.984,-0.228,-3.8388186,-3.4377480000000005,0.6302538000000001,76.45551551999998,2.25745452,-36.64639368
3.81,381,0.027000000000000003,-0.981,-0.22,-3.9534102,-4.0680017999999984,0.6875496,76.40967888,2.24026578,-36.68650074
3.82,382,0.024,-0.978,-0.218,-3.4950437999999995,-4.4690724,0.572958,76.37530140000001,2.22307704,-36.7266078
3.83,383,0.015,-0.981,-0.225,-3.3231564,-5.2139178,0.286479,76.34092392,2.21161788,-36.77817402
3.84,384,0.006999999999999999,-0.992,-0.229,-3.380452200000001,-5.844171599999999,0.0,76.29508728,2.17151082,-36.82974024
3.8499999999999996,385,-0.003,-0.997,-0.232,-3.6669312000000014,-6.5317212,-0.1718874,76.25498022,2.16005166,-36.89276562
3.86,386,-0.014,-0.993,-0.237,-2.9793816000000004,-5.3285094000000015,-0.4010706,76.22633232000003,2.1485925000000003,-36.95006142
3.8699999999999997,387,-0.023,-0.987,-0.232,-2.4064236,-3.5523396000000003,-0.4583664000000001,76.19768442,2.1485925000000003,-36.9844389
3.88,388,-0.028,-0.992,-0.211,-2.86479,-1.5469866,-0.2291832000000001,76.16903651999998,2.1485925000000003,-37.00162764
3.8899999999999997,389,-0.025,-0.978,-0.196,-3.6669312000000014,0.11459160000000004,0.1718874,76.1747661,2.0340008999999997,-36.9844389
3.9,390,-0.022,-0.965,-0.188,-3.724227,0.0,0.6302538000000001,76.13465904,2.02827132,-36.9844389
3.9099999999999997,391,-0.009000000000000001,-0.964,-0.171,-3.4377480000000005,0.0,1.2032118,76.10028156,2.01681216,-36.9844389
3.92,392,-0.003,-0.965,-0.166,-2.9220857999999996,-0.5156622000000001,1.7188740000000002,76.07163366,1.99389384,-36.9844389
3.9299999999999997,393,-0.002,-0.981,-0.18600000000000005,-2.9220857999999996,-1.8907613999999997,2.2345362,76.03725618000001,1.97097552,-36.99589806
3.94,394,-0.009000000000000001,-0.991,-0.202,-3.8961144,-3.724227,2.3491278,76.01433786,1.90222056,-37.02454596
3.9499999999999997,395,-0.02,-0.991,-0.214,-2.9220857999999996,-4.1252976000000015,2.291832,75.97996038,1.86784308,-37.05892344
3.96,396,-0.028,-0.987,-0.215,-1.9480572,-3.3231564,1.8907613999999997,75.96277164,1.83919518,-37.08757134
3.9699999999999998,397,-0.038,-0.976,-0.215,-0.6302538000000001,-2.9220857999999996,1.5469866,75.95131248,1.82200644,-37.11048966
3.98,398,-0.05,-0.978,-0.193,0.057295800000000015,-2.1772404,1.2032118,75.95704206,1.8048176999999999,-37.1276784
3.9899999999999998,399,-0.057,-0.975,-0.17600000000000002,-0.286479,-0.4583664000000001,1.0313244,76.19768442,1.3464512999999998,-37.09330092
4.0,400,-0.057,-0.966,-0.16699999999999998,0.4010706,0.057295800000000015,1.2605076000000002,76.20341400000002,1.3349921400000002,-37.09330092
4.01,401,-0.052000000000000005,-0.971,-0.163,1.145916,-0.6875496,1.3750992,76.21487316,1.3178034,-37.09330092
4.02,402,-0.046,-0.978,-0.159,1.432395,-0.9740286,1.3178034,76.23206189999998,1.30634424,-37.10476008
4.03,403,-0.039,-0.985,-0.173,2.1199446,-0.8021411999999999,1.2605076000000002,76.25498022,1.2891555000000001,-37.10476008
4.04,404,-0.031,-0.995,-0.184,2.1772404,-0.3437748,1.0313244,76.35811265999997,1.1573751600000002,-37.0990305
4.05,405,-0.026,-0.998,-0.187,2.291832,0.286479,0.7448454000000001,76.38103097999998,1.15164558,-37.09330092
4.06,406,-0.028,-0.995,-0.189,2.8074942000000003,0.8594370000000001,0.6302538000000001,76.40967888,1.1459160000000002,-37.08757134
4.07,407,-0.032,-0.996,-0.182,3.0366774,1.8334656000000005,0.5156622000000001,76.44405636,1.1459160000000002,-37.06465302
4.08,408,-0.029,-0.995,-0.17600000000000002,2.86479,3.2085648,0.6875496,76.47270426,1.1459160000000002,-37.03027554000001
4.09,409,-0.022,-0.999,-0.173,2.5210152000000003,3.151269,1.0886202,76.54718879999999,1.09434978,-37.00162764
4.1,410,-0.019,-0.997,-0.17,1.6615782,2.0053530000000004,1.432395,76.56437754,1.08289062,-36.97870931999999
4.109999999999999,411,-0.016,-0.996,-0.17600000000000002,1.6615782,1.2032118,1.7761698,76.58156627999998,1.07143146,-36.96152058
4.12,412,-0.014,-0.998,-0.18,0.9740286,0.11459160000000004,1.7761698,76.59302543999998,1.05424272,-36.955791
4.13,413,-0.013,-0.997,-0.177,0.11459160000000004,-0.9740286,1.4896908000000002,76.59302543999998,1.03705398,-36.96152058
4.14,414,-0.014,-0.995,-0.179,0.11459160000000004,-1.9480572,1.2032118,76.66178040000001,0.95111028,-36.97870931999999
4.1499999999999995,415,-0.023,-0.997,-0.18600000000000005,0.4583664000000001,-2.6356068,0.9167328,76.66178040000001,0.93392154,-37.00162764
4.16,416,-0.034,-1.005,-0.193,0.286479,-2.291832,0.6302538000000001,76.66750998,0.92819196,-37.01881638
4.17,417,-0.029,-1.004,-0.19,0.3437748,-0.8021411999999999,0.4583664000000001,76.67323956,0.9167328000000001,-37.03027554000001
4.18,418,-0.025,-0.995,-0.18600000000000005,-0.057295800000000015,0.286479,0.057295800000000015,76.67323956,0.9167328000000001,-37.02454596
4.1899999999999995,419,-0.021,-0.985,-0.185,-0.286479,0.11459160000000004,-0.2291832000000001,76.91388192,0.53858052,-37.00162764
4.2,420,-0.019,-0.984,-0.179,0.0,0.3437748,-0.4583664000000001,76.91388192,0.5443101,-37.00162764
4.21,421,-0.015,-0.986,-0.171,-0.2291832000000001,0.8594370000000001,-0.572958,76.91388192,0.55576926,-36.99016848
4.22,422,-0.011,-0.985,-0.172,-0.2291832000000001,0.9740286,-0.5156622000000001,76.90815234,0.56149884,-36.9844389
4.2299999999999995,423,-0.01,-0.988,-0.177,-0.057295800000000015,0.8594370000000001,-0.572958,76.90815234,0.56722842,-36.97870931999999
4.24,424,-0.008,-0.986,-0.17600000000000002,0.1718874,1.0313244,-0.6875496,76.99409604,0.53285094,-36.97870931999999
4.25,425,-0.009000000000000001,-0.985,-0.177,0.6875496,1.0886202,-0.572958,76.99982562,0.5443101,-36.96725016
4.26,426,-0.012,-0.986,-0.17800000000000002,0.572958,0.2291832000000001,-0.3437748,77.00555519999998,0.5443101,-36.96725016
4.27,427,-0.008,-0.988,-0.18,0.7448454000000001,-0.3437748,-0.286479,77.01701435999998,0.55003968,-36.97297974
4.28,428,-0.003,-0.992,-0.17800000000000002,0.9167328,-0.6875496,-0.572958,77.02274394,0.55003968,-36.97870931999999
4.29,429,-0.005,-0.993,-0.17600000000000002,0.3437748,-0.5156622000000001,-1.3178034,77.10868764,0.52139178,-37.00162764
4.3,430,-0.01,-0.989,-0.177,-0.5156622000000001,0.057295800000000015,-2.0053530000000004,77.10295806,0.5443101,-37.00162764
4.31,431,-0.03,-0.982,-0.171,-0.572958,-0.6875496,-1.9480572,77.09722848,0.56149884,-37.0130868
4.32,432,-0.041,-0.979,-0.174,-0.7448454000000001,-1.6615782,-1.4896908000000002,77.0914989,0.5729580000000001,-37.03600512000001
4.33,433,-0.038,-0.987,-0.17800000000000002,-0.4010706,-1.6042823999999998,-1.0886202,77.08576932000003,0.5786875800000001,-37.05319386
4.34,434,-0.029,-0.994,-0.175,-0.6875496,-0.057295800000000015,-0.9167328,77.16025386,0.48128472,-37.05319386
4.35,435,-0.021,-0.993,-0.175,-0.572958,0.8021411999999999,-0.6875496,77.15452428,0.49274388,-37.04746428
4.36,436,-0.018000000000000002,-0.992,-0.173,-0.2291832000000001,0.7448454000000001,-0.4583664000000001,77.15452428,0.4984734599999999,-37.0417347
4.37,437,-0.018000000000000002,-0.995,-0.16699999999999998,-0.572958,0.9740286,-0.4010706,77.14879470000002,0.5042030399999999,-37.03027554000001
4.38,438,-0.018000000000000002,-0.99,-0.166,-0.5156622000000001,1.2605076000000002,-0.5156622000000001,77.14306512,0.5099326200000001,-37.01881638
4.39,439,-0.018000000000000002,-0.987,-0.16899999999999998,-0.057295800000000015,0.8021411999999999,-0.3437748,77.36651874,0.3437748,-37.03027554000001
4.3999999999999995,440,-0.018000000000000002,-0.987,-0.175,0.057295800000000015,-0.1718874,-0.1718874,77.36651874,0.3437748,-37.03027554000001
4.41,441,-0.017,-0.992,-0.182,0.286479,-1.0313244,-0.057295800000000015,77.36651874,0.3437748,-37.0417347
4.42,442,-0.016,-0.994,-0.181,-0.057295800000000015,-1.2032118,-0.1718874,77.36651874,0.3437748,-37.05319386
4.43,443,-0.017,-0.989,-0.18,0.057295800000000015,-0.8021411999999999,-0.4010706,77.36651874,0.3437748,-37.06465302
4.4399999999999995,444,-0.019,-0.986,-0.183,0.5156622000000001,-0.6302538000000001,-0.572958,77.42381454,0.26929026,-37.06465302
4.45,445,-0.02,-0.992,-0.173,0.2291832000000001,0.0,-0.6302538000000001,77.42954411999997,0.27501984,-37.06465302
4.46,446,-0.019,-0.994,-0.166,-0.286479,0.8594370000000001,-0.6875496,77.42381454,0.28647900000000004,-37.05892344
4.47,447,-0.017,-0.987,-0.171,-0.057295800000000015,0.8021411999999999,-0.7448454000000001,77.42381454,0.29220857999999994,-37.05319386
4.4799999999999995,448,-0.015,-0.986,-0.174,0.286479,-0.11459160000000004,-0.572958,77.42381454,0.29793816,-37.05892344
4.49,449,-0.012,-0.991,-0.162,0.11459160000000004,-0.6302538000000001,-0.5156622000000001,77.59570194,0.23491278,-37.09330092
4.5,450,-0.013,-0.991,-0.16399999999999998,-0.11459160000000004,-0.9167328,-0.5156622000000001,77.58997236,0.24064236,-37.10476008
4.51,451,-0.015,-0.992,-0.168,0.0,-1.5469866,-0.4583664000000001,77.58997236,0.24064236,-37.12194882
4.52,452,-0.017,-0.993,-0.175,-0.2291832000000001,-2.0053530000000004,-0.572958,77.58997236,0.24637194,-37.13913756
4.53,453,-0.018000000000000002,-0.996,-0.177,-0.3437748,-1.9480572,-0.6302538000000001,77.58424278,0.24637194,-37.16205588
4.54,454,-0.022,-0.994,-0.175,-0.286479,-1.8334656000000005,-0.6302538000000001,77.62434984000002,0.18907614,-37.17924462
4.55,455,-0.027000000000000003,-0.991,-0.174,-0.057295800000000015,-1.7188740000000002,-0.572958,77.62434984000002,0.19480572,-37.19643336
4.56,456,-0.029,-0.987,-0.17600000000000002,0.11459160000000004,-1.7188740000000002,-0.5156622000000001,77.62434984000002,0.19480572,-37.2136221
4.57,457,-0.024,-0.992,-0.174,0.3437748,-1.4896908000000002,-0.572958,77.63007941999999,0.20053530000000008,-37.23081084
4.58,458,-0.02,-0.994,-0.16699999999999998,0.0,-0.8594370000000001,-0.6875496,77.63007941999999,0.20626488,-37.23654042
4.59,459,-0.021,-0.99,-0.171,0.057295800000000015,-0.6302538000000001,-0.6302538000000001,77.68737522,0.13178034,-37.24227000000001
4.6,460,-0.021,-0.991,-0.173,0.1718874,-0.9740286,-0.4583664000000001,77.6931048,0.13750992,-37.25372916
4.61,461,-0.021,-0.995,-0.166,-0.057295800000000015,-1.0313244,-0.2291832000000001,77.6931048,0.13750992,-37.26518832
4.62,462,-0.019,-0.993,-0.162,0.0,-0.9740286,-0.057295800000000015,77.6931048,0.13750992,-37.27664748
4.63,463,-0.019,-0.993,-0.16899999999999998,0.11459160000000004,-1.145916,0.0,77.6931048,0.13178034,-37.28810664
4.64,464,-0.025,-0.993,-0.172,-0.4010706,-1.145916,-0.11459160000000004,77.74467102000001,0.05156622,-37.29383622
4.6499999999999995,465,-0.028,-0.995,-0.173,-0.9167328,-0.6875496,-0.4583664000000001,77.73894143999998,0.05156622,-37.299565799999996
4.66,466,-0.023,-0.992,-0.179,-0.6875496,0.0,-0.4010706,77.73321186000003,0.057295800000000015,-37.299565799999996
4.67,467,-0.02,-0.987,-0.18,-0.4010706,-0.5156622000000001,-0.2291832000000001,77.72748228,0.057295800000000015,-37.30529538
4.68,468,-0.02,-0.984,-0.179,-0.2291832000000001,-0.9740286,-0.1718874,77.7217527,0.06302537999999999,-37.31675454
4.6899999999999995,469,-0.019,-0.987,-0.17600000000000002,-0.2291832000000001,-1.0313244,-0.1718874,77.7790485,-0.00572958,-37.328213700000006
4.7,470,-0.02,-0.99,-0.17,-0.3437748,-0.8021411999999999,-0.1718874,77.7790485,-0.00572958,-37.33394328
